lag_samples,lag_sec,xcov_coeff,n_overlap
-2000,-10.0,-0.1387690671705864,57800
-1999,-9.995,-0.13934532809034783,57801
-1998,-9.99,-0.13989198828572721,57802
-1997,-9.985,-0.14044904701608288,57803
-1996,-9.98,-0.14087179961802454,57804
-1995,-9.975,-0.14128032570552945,57805
-1994,-9.97,-0.14168636548058197,57806
-1993,-9.965,-0.14204033230560104,57807
-1992,-9.96,-0.14239275411722815,57808
-1991,-9.955,-0.14266240622784043,57809
-1990,-9.95,-0.1429404263771046,57810
-1989,-9.945,-0.1432076285524381,57811
-1988,-9.94,-0.1434898199273031,57812
-1987,-9.935,-0.14387769275363885,57813
-1986,-9.93,-0.1442598778941183,57814
-1985,-9.925,-0.14456258651831042,57815
-1984,-9.92,-0.14489115135701838,57816
-1983,-9.915,-0.14513017797937153,57817
-1982,-9.91,-0.14536120576379763,57818
-1981,-9.905,-0.145573072793536,57819
-1980,-9.9,-0.14578496494986445,57820
-1979,-9.895,-0.1460865884180184,57821
-1978,-9.89,-0.14644753375073982,57822
-1977,-9.885,-0.14681098419917618,57823
-1976,-9.88,-0.14718069408154316,57824
-1975,-9.875,-0.1475483481164454,57825
-1974,-9.87,-0.14787964323962138,57826
-1973,-9.865,-0.1483301991779845,57827
-1972,-9.86,-0.14879775630897937,57828
-1971,-9.855,-0.1493045946824631,57829
-1970,-9.85,-0.149816881736065,57830
-1969,-9.845,-0.15032901083725828,57831
-1968,-9.84,-0.1508400655892469,57832
-1967,-9.835,-0.15125748282417467,57833
-1966,-9.83,-0.15168874264142151,57834
-1965,-9.825,-0.15213446669474748,57835
-1964,-9.82,-0.15259079461100247,57836
-1963,-9.815,-0.15302964138791134,57837
-1962,-9.81,-0.1534596493472293,57838
-1961,-9.805,-0.15387080048280166,57839
-1960,-9.8,-0.1542881552468576,57840
-1959,-9.795,-0.1547125616096104,57841
-1958,-9.79,-0.15506318953392298,57842
-1957,-9.785,-0.15541568255220367,57843
-1956,-9.78,-0.15575605685280286,57844
-1955,-9.775,-0.15619089894474833,57845
-1954,-9.77,-0.15664578680997482,57846
-1953,-9.765,-0.15712898231137593,57847
-1952,-9.76,-0.157606689210055,57848
-1951,-9.755,-0.15808860046362183,57849
-1950,-9.75,-0.15857171952465007,57850
-1949,-9.745,-0.1590470892252125,57851
-1948,-9.74,-0.1594938689295788,57852
-1947,-9.735,-0.15994952443384838,57853
-1946,-9.73,-0.1604188315276336,57854
-1945,-9.725,-0.16080747384520552,57855
-1944,-9.72,-0.16119080593721635,57856
-1943,-9.715,-0.1614791917502045,57857
-1942,-9.71,-0.16179153522338724,57858
-1941,-9.705,-0.1620611313570749,57859
-1940,-9.7,-0.16232380588344364,57860
-1939,-9.695,-0.16250904779048922,57861
-1938,-9.69,-0.16280385869681038,57862
-1937,-9.685,-0.16309498632505562,57863
-1936,-9.68,-0.16338735428092763,57864
-1935,-9.675,-0.16367184470354548,57865
-1934,-9.67,-0.16393138837345822,57866
-1933,-9.665,-0.1642160182881866,57867
-1932,-9.66,-0.16450149911753295,57868
-1931,-9.655,-0.16478786128006653,57869
-1930,-9.65,-0.16506506610157323,57870
-1929,-9.645,-0.16533379637248638,57871
-1928,-9.64,-0.16550504023426987,57872
-1927,-9.635,-0.1656658882881832,57873
-1926,-9.63,-0.16582784261351952,57874
-1925,-9.625,-0.16594510943498927,57875
-1924,-9.62,-0.16604386838703422,57876
-1923,-9.615,-0.16620193856057308,57877
-1922,-9.61,-0.1663497933040356,57878
-1921,-9.605,-0.16657683426269812,57879
-1920,-9.6,-0.1668119708604005,57880
-1919,-9.595,-0.16705974159505288,57881
-1918,-9.59,-0.16743785347352547,57882
-1917,-9.585,-0.16782288335603696,57883
-1916,-9.58,-0.16819734818827126,57884
-1915,-9.575,-0.16847345568283584,57885
-1914,-9.57,-0.1687583469950902,57886
-1913,-9.565,-0.16905994358857457,57887
-1912,-9.56,-0.16935092429092793,57888
-1911,-9.555,-0.1696600288839084,57889
-1910,-9.55,-0.16996667960743467,57890
-1909,-9.545,-0.17024320989370031,57891
-1908,-9.54,-0.1704839099606723,57892
-1907,-9.535,-0.1707268513595207,57893
-1906,-9.53,-0.17097957150234872,57894
-1905,-9.525,-0.1713187700193959,57895
-1904,-9.52,-0.17168475961320662,57896
-1903,-9.515,-0.17205436271923763,57897
-1902,-9.51,-0.17242553297410507,57898
-1901,-9.505,-0.1727247544425753,57899
-1900,-9.5,-0.1730227779451107,57900
-1899,-9.495,-0.17332579010128962,57901
-1898,-9.49,-0.1736649345438651,57902
-1897,-9.485,-0.17400059348880367,57903
-1896,-9.48,-0.17432877409312425,57904
-1895,-9.475,-0.1745348671561438,57905
-1894,-9.47,-0.17472539700251258,57906
-1893,-9.465,-0.17493554301699638,57907
-1892,-9.46,-0.17516574837992574,57908
-1891,-9.455,-0.17537731236924545,57909
-1890,-9.45,-0.17557952448871783,57910
-1889,-9.445,-0.1757706131860642,57911
-1888,-9.44,-0.17584336992291555,57912
-1887,-9.435,-0.17592132072623726,57913
-1886,-9.43,-0.17600827678258207,57914
-1885,-9.425,-0.1762056612182445,57915
-1884,-9.42,-0.1763898426818529,57916
-1883,-9.415,-0.17657241239599275,57917
-1882,-9.41,-0.17677175027331046,57918
-1881,-9.405,-0.17700947342391388,57919
-1880,-9.4,-0.17725597273176724,57920
-1879,-9.395,-0.17750513218363712,57921
-1878,-9.39,-0.17776686849671194,57922
-1877,-9.385,-0.17803109885704055,57923
-1876,-9.38,-0.17829527326285213,57924
-1875,-9.375,-0.17850206091717205,57925
-1874,-9.37,-0.17869676189367803,57926
-1873,-9.365,-0.17886134913071725,57927
-1872,-9.36,-0.1790157566846937,57928
-1871,-9.355,-0.17913627387629869,57929
-1870,-9.35,-0.17925555027734882,57930
-1869,-9.345,-0.17940256088327092,57931
-1868,-9.34,-0.17951645356719673,57932
-1867,-9.335,-0.17963458364489904,57933
-1866,-9.33,-0.1797365843724969,57934
-1865,-9.325,-0.17993886292613398,57935
-1864,-9.32,-0.18016547143682135,57936
-1863,-9.315,-0.18048283070299834,57937
-1862,-9.31,-0.18080978627836355,57938
-1861,-9.305,-0.18112498550815717,57939
-1860,-9.3,-0.181446805190863,57940
-1859,-9.295,-0.18179049080355414,57941
-1858,-9.29,-0.18224409096149774,57942
-1857,-9.285,-0.1826945835427637,57943
-1856,-9.28,-0.18315943523036676,57944
-1855,-9.275,-0.18351747492713957,57945
-1854,-9.27,-0.18386264695713972,57946
-1853,-9.265,-0.18420585922607166,57947
-1852,-9.26,-0.18453070121161588,57948
-1851,-9.255,-0.18485800046519246,57949
-1850,-9.25,-0.18516875084024306,57950
-1849,-9.245,-0.1854645728624746,57951
-1848,-9.24,-0.18584973300833932,57952
-1847,-9.235,-0.18623380943023649,57953
-1846,-9.23,-0.18661266678547567,57954
-1845,-9.225,-0.18695162415360464,57955
-1844,-9.22,-0.18730944108489356,57956
-1843,-9.215,-0.18765769657288936,57957
-1842,-9.21,-0.18800968509403906,57958
-1841,-9.205,-0.18838576612429528,57959
-1840,-9.2,-0.18877364614240838,57960
-1839,-9.195,-0.18917502268858807,57961
-1838,-9.19,-0.18949039144498292,57962
-1837,-9.185,-0.1898052327421308,57963
-1836,-9.18,-0.19013999040291107,57964
-1835,-9.175,-0.19062517800718226,57965
-1834,-9.17,-0.19107847948497306,57966
-1833,-9.165,-0.19142567234607158,57967
-1832,-9.16,-0.19177988019947528,57968
-1831,-9.155,-0.19222427755414334,57969
-1830,-9.15,-0.19267187669369448,57970
-1829,-9.145,-0.19311533151267543,57971
-1828,-9.14,-0.19358043956443818,57972
-1827,-9.135,-0.19405033459058033,57973
-1826,-9.13,-0.19452662548392105,57974
-1825,-9.125,-0.1948661940045287,57975
-1824,-9.12,-0.19520217849186372,57976
-1823,-9.115,-0.19554867845705248,57977
-1822,-9.11,-0.19589357968172977,57978
-1821,-9.105,-0.19623114376335754,57979
-1820,-9.1,-0.19656928332656148,57980
-1819,-9.095,-0.19688064390281168,57981
-1818,-9.09,-0.19715638962620935,57982
-1817,-9.085,-0.19743441217443186,57983
-1816,-9.08,-0.19769307907925368,57984
-1815,-9.075,-0.1979321352990824,57985
-1814,-9.07,-0.19816002758372567,57986
-1813,-9.065,-0.1983070579241958,57987
-1812,-9.06,-0.19846813467738936,57988
-1811,-9.055,-0.19855072276509655,57989
-1810,-9.05,-0.19860924298412277,57990
-1809,-9.045,-0.19867891775511196,57991
-1808,-9.04,-0.1987607114796905,57992
-1807,-9.035,-0.1988442728312591,57993
-1806,-9.03,-0.1989356752293054,57994
-1805,-9.025,-0.19893109880185622,57995
-1804,-9.02,-0.19894720249864786,57996
-1803,-9.015,-0.19903069647661292,57997
-1802,-9.01,-0.19910693694949202,57998
-1801,-9.005,-0.1991830229022205,57999
-1800,-9.0,-0.19926879393986555,58000
-1799,-8.995,-0.19933505908423807,58001
-1798,-8.99,-0.1993941485366935,58002
-1797,-8.985,-0.19944420496322834,58003
-1796,-8.98,-0.19948203571043904,58004
-1795,-8.975,-0.19947870629120995,58005
-1794,-8.97,-0.19947447919318342,58006
-1793,-8.965,-0.19946246311187882,58007
-1792,-8.96,-0.1994498888926753,58008
-1791,-8.955,-0.19943996994866678,58009
-1790,-8.95,-0.19943771256110557,58010
-1789,-8.945,-0.19940904577829152,58011
-1788,-8.94,-0.1994024780527226,58012
-1787,-8.935,-0.19939681088418942,58013
-1786,-8.93,-0.19938929279036588,58014
-1785,-8.925,-0.19951398146054844,58015
-1784,-8.92,-0.1996559179527672,58016
-1783,-8.915,-0.19982732214290122,58017
-1782,-8.91,-0.19997557408597816,58018
-1781,-8.905,-0.2001955894505956,58019
-1780,-8.9,-0.20041821213494476,58020
-1779,-8.895,-0.20064046571354505,58021
-1778,-8.89,-0.20077552921231023,58022
-1777,-8.885,-0.20091257662697087,58023
-1776,-8.88,-0.20105215872208804,58024
-1775,-8.875,-0.2011681127967433,58025
-1774,-8.87,-0.20129253645896053,58026
-1773,-8.865,-0.20142092251372348,58027
-1772,-8.86,-0.20155031732172232,58028
-1771,-8.855,-0.2016707485536827,58029
-1770,-8.85,-0.20188107243093872,58030
-1769,-8.845,-0.20208689244160574,58031
-1768,-8.84,-0.2024121841486092,58032
-1767,-8.835,-0.2027344537589155,58033
-1766,-8.83,-0.20306796753530598,58034
-1765,-8.825,-0.20327721065603774,58035
-1764,-8.82,-0.20348205569483444,58036
-1763,-8.815,-0.2036063515099072,58037
-1762,-8.81,-0.2037466231101365,58038
-1761,-8.805,-0.2038040605025467,58039
-1760,-8.8,-0.20376633876123876,58040
-1759,-8.795,-0.20376803200044455,58041
-1758,-8.79,-0.2037378739318058,58042
-1757,-8.785,-0.20370680767978927,58043
-1756,-8.78,-0.2036604861202384,58044
-1755,-8.775,-0.2037594054433439,58045
-1754,-8.77,-0.2038191420490848,58046
-1753,-8.765,-0.20395896591780246,58047
-1752,-8.76,-0.2040938234333073,58048
-1751,-8.755,-0.2042079712058678,58049
-1750,-8.75,-0.20431776224909634,58050
-1749,-8.745,-0.20441886764872597,58051
-1748,-8.74,-0.20452265800546884,58052
-1747,-8.735,-0.20462351356018715,58053
-1746,-8.73,-0.204734069337657,58054
-1745,-8.725,-0.20475635077822096,58055
-1744,-8.72,-0.20470704838534817,58056
-1743,-8.715,-0.20455050608747416,58057
-1742,-8.71,-0.20441026068246915,58058
-1741,-8.705,-0.20426110652464513,58059
-1740,-8.7,-0.20410987373855435,58060
-1739,-8.695,-0.2039301740624953,58061
-1738,-8.69,-0.20379120288265248,58062
-1737,-8.685,-0.20365222214601375,58063
-1736,-8.68,-0.20351867521227754,58064
-1735,-8.675,-0.20338429594730983,58065
-1734,-8.67,-0.20323895813706558,58066
-1733,-8.665,-0.20312137836494315,58067
-1732,-8.66,-0.20299136831335435,58068
-1731,-8.655,-0.20284599967130565,58069
-1730,-8.65,-0.2027114714118557,58070
-1729,-8.645,-0.20259986719515655,58071
-1728,-8.64,-0.2025292495792359,58072
-1727,-8.635,-0.20245218978442217,58073
-1726,-8.63,-0.2023725003007838,58074
-1725,-8.625,-0.2022573403875158,58075
-1724,-8.62,-0.20217551016795765,58076
-1723,-8.615,-0.20216697228410047,58077
-1722,-8.61,-0.2021656341784609,58078
-1721,-8.605,-0.20220597049666242,58079
-1720,-8.6,-0.20225680899357548,58080
-1719,-8.595,-0.20230350375430275,58081
-1718,-8.59,-0.20237910955150326,58082
-1717,-8.585,-0.20246064439374437,58083
-1716,-8.58,-0.20256336748339138,58084
-1715,-8.575,-0.20264785318918405,58085
-1714,-8.57,-0.20274475853037055,58086
-1713,-8.565,-0.20285747998529557,58087
-1712,-8.56,-0.20296338158638627,58088
-1711,-8.555,-0.20298726467901942,58089
-1710,-8.55,-0.20300189812632996,58090
-1709,-8.545,-0.203034284678577,58091
-1708,-8.54,-0.20308546313704584,58092
-1707,-8.535,-0.20322650978457527,58093
-1706,-8.53,-0.20336442368809046,58094
-1705,-8.525,-0.20360404093608364,58095
-1704,-8.52,-0.20382345808368496,58096
-1703,-8.515,-0.20404199681390744,58097
-1702,-8.51,-0.20425985450179124,58098
-1701,-8.505,-0.2045158927240448,58099
-1700,-8.5,-0.20477633125101444,58100
-1699,-8.495,-0.2050606470976954,58101
-1698,-8.49,-0.20535164332574068,58102
-1697,-8.485,-0.20564239384322752,58103
-1696,-8.48,-0.2059409407861319,58104
-1695,-8.475,-0.20623040103014129,58105
-1694,-8.47,-0.2064921847314273,58106
-1693,-8.465,-0.20675091764233477,58107
-1692,-8.46,-0.20698616258664584,58108
-1691,-8.455,-0.20720813791024492,58109
-1690,-8.45,-0.20742809089755215,58110
-1689,-8.445,-0.20769078783597134,58111
-1688,-8.44,-0.2079292999504165,58112
-1687,-8.435,-0.20816795598701124,58113
-1686,-8.43,-0.20838780552393127,58114
-1685,-8.425,-0.20871221095721804,58115
-1684,-8.42,-0.2090517548669613,58116
-1683,-8.415,-0.20931063067112576,58117
-1682,-8.41,-0.20955720384304527,58118
-1681,-8.405,-0.2098087560496979,58119
-1680,-8.4,-0.21006563032266312,58120
-1679,-8.395,-0.21031296126174104,58121
-1678,-8.39,-0.21058115846294254,58122
-1677,-8.385,-0.2108494405860477,58123
-1676,-8.38,-0.21111176352178726,58124
-1675,-8.375,-0.21131973684866867,58125
-1674,-8.37,-0.2115427099375244,58126
-1673,-8.365,-0.21173881142664477,58127
-1672,-8.36,-0.21196929230706718,58128
-1671,-8.355,-0.2122637582418503,58129
-1670,-8.35,-0.2125593321475835,58130
-1669,-8.345,-0.21285594156050178,58131
-1668,-8.34,-0.21305962720066374,58132
-1667,-8.335,-0.2132634630291543,58133
-1666,-8.33,-0.21344816095920147,58134
-1665,-8.325,-0.2136464239832866,58135
-1664,-8.32,-0.21386869181572896,58136
-1663,-8.315,-0.21411240282597369,58137
-1662,-8.31,-0.21435778380222906,58138
-1661,-8.305,-0.2146137807191274,58139
-1660,-8.3,-0.21487025598004836,58140
-1659,-8.295,-0.21512214380297526,58141
-1658,-8.29,-0.21537593229720367,58142
-1657,-8.285,-0.21553153850862503,58143
-1656,-8.28,-0.21567342353246594,58144
-1655,-8.275,-0.21581038977156672,58145
-1654,-8.27,-0.21591816764222557,58146
-1653,-8.265,-0.21601550112011283,58147
-1652,-8.26,-0.21612270825958363,58148
-1651,-8.255,-0.21623960866746564,58149
-1650,-8.25,-0.21643671183762989,58150
-1649,-8.245,-0.2166347393736212,58151
-1648,-8.24,-0.21696923294313403,58152
-1647,-8.235,-0.21740060992569402,58153
-1646,-8.23,-0.21782711083110468,58154
-1645,-8.225,-0.21822298522323885,58155
-1644,-8.22,-0.2186190265994,58156
-1643,-8.215,-0.2190190527938248,58157
-1642,-8.21,-0.21940095898332274,58158
-1641,-8.205,-0.21985784140898054,58159
-1640,-8.2,-0.2202248643326041,58160
-1639,-8.195,-0.2206052002871033,58161
-1638,-8.19,-0.2209115190338981,58162
-1637,-8.185,-0.22121891225120988,58163
-1636,-8.18,-0.22153544869154132,58164
-1635,-8.175,-0.2218843166504524,58165
-1634,-8.17,-0.22231878466131855,58166
-1633,-8.165,-0.2227487469582399,58167
-1632,-8.16,-0.22318985709927497,58168
-1631,-8.155,-0.22351635636041078,58169
-1630,-8.15,-0.2238471570826889,58170
-1629,-8.145,-0.22418245168022113,58171
-1628,-8.14,-0.2244511697793605,58172
-1627,-8.135,-0.22471647941756748,58173
-1626,-8.13,-0.22500262960208728,58174
-1625,-8.125,-0.22530075579170344,58175
-1624,-8.12,-0.22559361128205851,58176
-1623,-8.115,-0.22582342046006065,58177
-1622,-8.11,-0.22603033613898638,58178
-1621,-8.105,-0.2262630823060206,58179
-1620,-8.1,-0.22649233104796973,58180
-1619,-8.095,-0.22671719403847498,58181
-1618,-8.09,-0.22703262330499074,58182
-1617,-8.085,-0.22725186946418977,58183
-1616,-8.08,-0.22745565467236845,58184
-1615,-8.075,-0.22760651417257374,58185
-1614,-8.07,-0.22767626652332254,58186
-1613,-8.065,-0.22775050779187792,58187
-1612,-8.06,-0.22782351561771383,58188
-1611,-8.055,-0.22790309637275386,58189
-1610,-8.05,-0.22798743762791787,58190
-1609,-8.045,-0.22798326324712176,58191
-1608,-8.04,-0.22792985071116664,58192
-1607,-8.035,-0.22788572715376482,58193
-1606,-8.03,-0.22786591289220579,58194
-1605,-8.025,-0.22782787836834636,58195
-1604,-8.02,-0.227770374973157,58196
-1603,-8.015,-0.22780064990241156,58197
-1602,-8.01,-0.2278282234534238,58198
-1601,-8.005,-0.2278371817597004,58199
-1600,-8.0,-0.22784970178361585,58200
-1599,-7.995,-0.2278416839767249,58201
-1598,-7.99,-0.22778240063954094,58202
-1597,-7.985,-0.22772748908183732,58203
-1596,-7.98,-0.22767106627289604,58204
-1595,-7.975,-0.2276703959172539,58205
-1594,-7.97,-0.22769143907431055,58206
-1593,-7.965,-0.2277183614160613,58207
-1592,-7.96,-0.227760395386061,58208
-1591,-7.955,-0.2278038097557912,58209
-1590,-7.95,-0.22783485007093604,58210
-1589,-7.945,-0.22795982065206197,58211
-1588,-7.94,-0.2281361052574781,58212
-1587,-7.935,-0.22831760989052977,58213
-1586,-7.93,-0.22847431420336523,58214
-1585,-7.925,-0.22866002024572746,58215
-1584,-7.92,-0.22893192285152222,58216
-1583,-7.915,-0.22918415260128489,58217
-1582,-7.91,-0.22943563291625718,58218
-1581,-7.905,-0.22957549198059127,58219
-1580,-7.9,-0.22972349313438672,58220
-1579,-7.895,-0.22987506536127328,58221
-1578,-7.89,-0.23000112384027505,58222
-1577,-7.885,-0.23010751443793698,58223
-1576,-7.88,-0.23019810140742528,58224
-1575,-7.875,-0.23034076423457203,58225
-1574,-7.87,-0.23038596944694276,58226
-1573,-7.865,-0.23044435777344272,58227
-1572,-7.86,-0.23050868609044176,58228
-1571,-7.855,-0.23067422081606284,58229
-1570,-7.85,-0.23083931816123396,58230
-1569,-7.845,-0.23102572740308078,58231
-1568,-7.84,-0.23113139555629045,58232
-1567,-7.835,-0.2312341240426444,58233
-1566,-7.83,-0.23132545871250837,58234
-1565,-7.825,-0.23141820826047288,58235
-1564,-7.82,-0.2315201638825886,58236
-1563,-7.815,-0.23159119656238014,58237
-1562,-7.81,-0.2316698880483812,58238
-1561,-7.805,-0.23161891080063182,58239
-1560,-7.8,-0.2315540230337103,58240
-1559,-7.795,-0.23149565743059078,58241
-1558,-7.79,-0.23145482387130267,58242
-1557,-7.785,-0.231420605210314,58243
-1556,-7.78,-0.23138033405190617,58244
-1555,-7.775,-0.2313606031898372,58245
-1554,-7.77,-0.231351146006392,58246
-1553,-7.765,-0.23134608526203856,58247
-1552,-7.76,-0.23131810170872869,58248
-1551,-7.755,-0.23138792479532164,58249
-1550,-7.75,-0.23147424769964167,58250
-1549,-7.745,-0.23154296338245703,58251
-1548,-7.74,-0.2316035998440746,58252
-1547,-7.735,-0.2316422288811654,58253
-1546,-7.73,-0.23167261655226792,58254
-1545,-7.725,-0.23167064554511207,58255
-1544,-7.72,-0.23165993827721046,58256
-1543,-7.715,-0.2316428984066663,58257
-1542,-7.71,-0.23163082467061788,58258
-1541,-7.705,-0.23166534473086098,58259
-1540,-7.7,-0.2316944039343501,58260
-1539,-7.695,-0.23172012612702977,58261
-1538,-7.69,-0.23172754169435805,58262
-1537,-7.685,-0.23171822080275226,58263
-1536,-7.68,-0.23173796316353973,58264
-1535,-7.675,-0.2317674609613713,58265
-1534,-7.67,-0.23188196761290264,58266
-1533,-7.665,-0.23198435106232623,58267
-1532,-7.66,-0.23210524887950648,58268
-1531,-7.655,-0.23220047125767504,58269
-1530,-7.65,-0.23238455996351204,58270
-1529,-7.645,-0.2325675643679449,58271
-1528,-7.64,-0.23286001638882392,58272
-1527,-7.635,-0.23315728920602646,58273
-1526,-7.63,-0.23346332467267022,58274
-1525,-7.625,-0.23369154106294493,58275
-1524,-7.62,-0.2339311442406179,58276
-1523,-7.615,-0.23415920743447557,58277
-1522,-7.61,-0.23438796457998726,58278
-1521,-7.605,-0.23462544549977846,58279
-1520,-7.6,-0.23478002560610295,58280
-1519,-7.595,-0.2349202572068912,58281
-1518,-7.59,-0.23517507514334993,58282
-1517,-7.585,-0.23543121739795958,58283
-1516,-7.58,-0.23567559497990756,58284
-1515,-7.575,-0.2359440738179869,58285
-1514,-7.57,-0.23613328854264118,58286
-1513,-7.565,-0.23621759448668256,58287
-1512,-7.56,-0.23630620024345844,58288
-1511,-7.555,-0.23648941905401397,58289
-1510,-7.55,-0.23666853482327396,58290
-1509,-7.545,-0.23683805910482944,58291
-1508,-7.54,-0.23683701683187022,58292
-1507,-7.535,-0.23685721341538743,58293
-1506,-7.53,-0.23688338126584718,58294
-1505,-7.525,-0.23685907073687626,58295
-1504,-7.52,-0.23684040485986513,58296
-1503,-7.515,-0.23680297711922624,58297
-1502,-7.51,-0.23675894337255718,58298
-1501,-7.505,-0.23661585198627963,58299
-1500,-7.5,-0.23655907614039265,58300
-1499,-7.495,-0.23650347258435087,58301
-1498,-7.49,-0.23652530916212813,58302
-1497,-7.485,-0.23654384052982627,58303
-1496,-7.48,-0.2365646221828616,58304
-1495,-7.475,-0.23650020027350072,58305
-1494,-7.47,-0.23644218261672245,58306
-1493,-7.465,-0.23646283353670933,58307
-1492,-7.46,-0.23648158289701843,58308
-1491,-7.455,-0.23652181606736897,58309
-1490,-7.45,-0.2364752470056359,58310
-1489,-7.445,-0.23640875178647075,58311
-1488,-7.44,-0.23632252405601323,58312
-1487,-7.435,-0.2362101585419714,58313
-1486,-7.43,-0.23608706577145222,58314
-1485,-7.425,-0.23616833739791798,58315
-1484,-7.42,-0.23631383253853114,58316
-1483,-7.415,-0.23637560320369433,58317
-1482,-7.41,-0.23641685608838617,58318
-1481,-7.405,-0.23643780518830715,58319
-1480,-7.4,-0.23646272794636616,58320
-1479,-7.395,-0.23640869892858948,58321
-1478,-7.39,-0.23635839604083575,58322
-1477,-7.385,-0.2363090240368018,58323
-1476,-7.38,-0.2362687068793953,58324
-1475,-7.375,-0.23622434745832158,58325
-1474,-7.37,-0.2361136123436871,58326
-1473,-7.365,-0.2361063981074634,58327
-1472,-7.36,-0.23610626870276963,58328
-1471,-7.355,-0.23606255436911908,58329
-1470,-7.35,-0.23600763022315221,58330
-1469,-7.345,-0.2359355815300966,58331
-1468,-7.34,-0.23578877650031962,58332
-1467,-7.335,-0.23564184113269498,58333
-1466,-7.33,-0.23551169852992587,58334
-1465,-7.325,-0.2353201670843071,58335
-1464,-7.32,-0.23511396142800944,58336
-1463,-7.315,-0.23502446618092998,58337
-1462,-7.31,-0.23493002430028587,58338
-1461,-7.305,-0.2348824334162499,58339
-1460,-7.3,-0.23484113333701392,58340
-1459,-7.295,-0.23480512625896854,58341
-1458,-7.29,-0.23487620052348243,58342
-1457,-7.285,-0.23495810079835674,58343
-1456,-7.28,-0.23504540398501939,58344
-1455,-7.275,-0.2350572919133057,58345
-1454,-7.27,-0.23508667297491045,58346
-1453,-7.265,-0.23511896172645017,58347
-1452,-7.26,-0.23516527783969515,58348
-1451,-7.255,-0.23518862106677824,58349
-1450,-7.25,-0.23521008429655396,58350
-1449,-7.245,-0.23519711174445815,58351
-1448,-7.24,-0.23514276883747695,58352
-1447,-7.235,-0.23508380546953955,58353
-1446,-7.23,-0.23501034361228218,58354
-1445,-7.225,-0.2349706235465391,58355
-1444,-7.22,-0.23492465026970347,58356
-1443,-7.215,-0.23480373980799318,58357
-1442,-7.21,-0.23468994150241793,58358
-1441,-7.205,-0.2345901282845439,58359
-1440,-7.2,-0.23447706241254626,58360
-1439,-7.195,-0.23437177359419545,58361
-1438,-7.19,-0.23420982978186713,58362
-1437,-7.185,-0.2340724777373829,58363
-1436,-7.18,-0.23391433224885355,58364
-1435,-7.175,-0.23363408212632825,58365
-1434,-7.17,-0.2333445932009284,58366
-1433,-7.165,-0.23302103300750138,58367
-1432,-7.16,-0.2326880517035652,58368
-1431,-7.155,-0.2323841244877301,58369
-1430,-7.15,-0.2320994083188174,58370
-1429,-7.145,-0.2318245504774136,58371
-1428,-7.14,-0.23153419691145083,58372
-1427,-7.135,-0.2312380876051613,58373
-1426,-7.13,-0.2309277212785336,58374
-1425,-7.125,-0.23061437276865976,58375
-1424,-7.12,-0.23022992961180555,58376
-1423,-7.115,-0.22996018682482763,58377
-1422,-7.11,-0.22969297928109475,58378
-1421,-7.105,-0.22937742076764658,58379
-1420,-7.1,-0.22905538716140966,58380
-1419,-7.095,-0.22875387744162223,58381
-1418,-7.09,-0.22857195806954644,58382
-1417,-7.085,-0.22837804735690487,58383
-1416,-7.08,-0.2281925191962245,58384
-1415,-7.075,-0.22800440124650284,58385
-1414,-7.07,-0.22781029387020424,58386
-1413,-7.065,-0.2275809995910141,58387
-1412,-7.06,-0.22734154958214617,58388
-1411,-7.055,-0.22709793926437744,58389
-1410,-7.05,-0.22685674341659676,58390
-1409,-7.045,-0.2266026320069711,58391
-1408,-7.04,-0.22621244002216326,58392
-1407,-7.035,-0.22582474083668133,58393
-1406,-7.03,-0.2254285080831424,58394
-1405,-7.025,-0.22517750902383604,58395
-1404,-7.02,-0.22492367670136892,58396
-1403,-7.015,-0.2246912431388261,58397
-1402,-7.01,-0.22446110672274744,58398
-1401,-7.005,-0.22422989882266703,58399
-1400,-7.0,-0.22400377050739417,58400
-1399,-6.995,-0.22379150903830258,58401
-1398,-6.99,-0.22367655683935803,58402
-1397,-6.985,-0.22355237531415492,58403
-1396,-6.98,-0.22344801452991683,58404
-1395,-6.975,-0.22332986210789285,58405
-1394,-6.97,-0.22330215552265958,58406
-1393,-6.965,-0.2232436160585271,58407
-1392,-6.96,-0.22317870792437725,58408
-1391,-6.955,-0.2231611496300773,58409
-1390,-6.95,-0.22314457439834418,58410
-1389,-6.945,-0.2231484916760255,58411
-1388,-6.94,-0.22324172011810875,58412
-1387,-6.935,-0.2233629963121232,58413
-1386,-6.93,-0.22348630889283214,58414
-1385,-6.925,-0.2235462567603455,58415
-1384,-6.92,-0.22358363718595675,58416
-1383,-6.915,-0.22364661787920118,58417
-1382,-6.91,-0.22371225800282396,58418
-1381,-6.905,-0.22377345253234449,58419
-1380,-6.9,-0.22383927883957516,58420
-1379,-6.895,-0.2238763397551796,58421
-1378,-6.89,-0.22374073569827962,58422
-1377,-6.885,-0.22358889112490402,58423
-1376,-6.88,-0.22345186027781697,58424
-1375,-6.875,-0.22329585844755248,58425
-1374,-6.87,-0.22324063413544795,58426
-1373,-6.865,-0.22315485292527298,58427
-1372,-6.86,-0.2230561038878281,58428
-1371,-6.855,-0.2229805397760692,58429
-1370,-6.85,-0.22289373097512072,58430
-1369,-6.845,-0.22282277622685517,58431
-1368,-6.84,-0.2227096283774209,58432
-1367,-6.835,-0.22259680979154603,58433
-1366,-6.83,-0.22248708296633019,58434
-1365,-6.825,-0.22232892450012634,58435
-1364,-6.82,-0.22225743509797766,58436
-1363,-6.815,-0.22219872439547686,58437
-1362,-6.81,-0.22213204302974796,58438
-1361,-6.805,-0.22205476031292065,58439
-1360,-6.8,-0.22197860105387723,58440
-1359,-6.795,-0.22185414241461054,58441
-1358,-6.79,-0.22178776008685744,58442
-1357,-6.785,-0.22171918797072984,58443
-1356,-6.78,-0.22163626602769945,58444
-1355,-6.775,-0.2216083607527199,58445
-1354,-6.77,-0.22138921514763685,58446
-1353,-6.765,-0.22115414698714309,58447
-1352,-6.76,-0.2209180888108514,58448
-1351,-6.755,-0.2207452833260769,58449
-1350,-6.75,-0.22057228159156306,58450
-1349,-6.745,-0.2204097256400277,58451
-1348,-6.74,-0.22026718854584565,58452
-1347,-6.735,-0.2201246362395854,58453
-1346,-6.73,-0.21997161567110796,58454
-1345,-6.725,-0.2198254518551192,58455
-1344,-6.72,-0.21966244138170454,58456
-1343,-6.715,-0.21948089427909293,58457
-1342,-6.71,-0.21930168014599777,58458
-1341,-6.705,-0.21913911792270307,58459
-1340,-6.7,-0.21896806776085942,58460
-1339,-6.695,-0.21876772064653927,58461
-1338,-6.69,-0.2185603672151382,58462
-1337,-6.685,-0.21837136272200555,58463
-1336,-6.68,-0.2181711067613865,58464
-1335,-6.675,-0.21799372307603607,58465
-1334,-6.67,-0.2178180016608012,58466
-1333,-6.665,-0.21763530269193823,58467
-1332,-6.66,-0.21744651620171537,58468
-1331,-6.655,-0.21723302116126644,58469
-1330,-6.65,-0.21701437417044783,58470
-1329,-6.645,-0.2168318916384664,58471
-1328,-6.64,-0.21679844841125553,58472
-1327,-6.635,-0.2167710079258296,58473
-1326,-6.63,-0.2167612245507264,58474
-1325,-6.625,-0.2166442939032243,58475
-1324,-6.62,-0.2165251607472344,58476
-1323,-6.615,-0.21636398259696946,58477
-1322,-6.61,-0.2161990779555905,58478
-1321,-6.605,-0.21586206535623728,58479
-1320,-6.6,-0.215534538889366,58480
-1319,-6.595,-0.21518316031818924,58481
-1318,-6.59,-0.21471939822545577,58482
-1317,-6.585,-0.21425972298228943,58483
-1316,-6.58,-0.2137938547702985,58484
-1315,-6.575,-0.21331651071428834,58485
-1314,-6.57,-0.21275844492261495,58486
-1313,-6.565,-0.21212267708354218,58487
-1312,-6.56,-0.2114814328039028,58488
-1311,-6.555,-0.2109100462159941,58489
-1310,-6.55,-0.21033208366215003,58490
-1309,-6.545,-0.2097675362288067,58491
-1308,-6.54,-0.20933821461816363,58492
-1307,-6.535,-0.20889088593379754,58493
-1306,-6.53,-0.2084555292620561,58494
-1305,-6.525,-0.20808674060696675,58495
-1304,-6.52,-0.20779245006558186,58496
-1303,-6.515,-0.20757295686069718,58497
-1302,-6.51,-0.20736578015387594,58498
-1301,-6.505,-0.207178524450342,58499
-1300,-6.5,-0.20698677863493553,58500
-1299,-6.495,-0.20676875681227197,58501
-1298,-6.49,-0.20647993948175514,58502
-1297,-6.485,-0.20619271132041067,58503
-1296,-6.48,-0.20589995357187327,58504
-1295,-6.475,-0.20568820898870566,58505
-1294,-6.47,-0.20549767489642393,58506
-1293,-6.465,-0.2053286840114852,58507
-1292,-6.46,-0.20515275892982773,58508
-1291,-6.455,-0.20502283757156609,58509
-1290,-6.45,-0.20487780136380823,58510
-1289,-6.445,-0.2047339654629301,58511
-1288,-6.44,-0.20465170511683864,58512
-1287,-6.435,-0.20455485839430512,58513
-1286,-6.43,-0.20447152987066203,58514
-1285,-6.425,-0.20438463680997995,58515
-1284,-6.42,-0.2042771264613161,58516
-1283,-6.415,-0.20415493305722016,58517
-1282,-6.41,-0.20402989398693933,58518
-1281,-6.405,-0.2039297922649745,58519
-1280,-6.4,-0.2038412347591789,58520
-1279,-6.395,-0.20375107433830467,58521
-1278,-6.39,-0.2035913595884648,58522
-1277,-6.385,-0.20342758509853923,58523
-1276,-6.38,-0.2032586528184829,58524
-1275,-6.375,-0.20305574658570014,58525
-1274,-6.37,-0.2028692074949408,58526
-1273,-6.365,-0.20267265976412988,58527
-1272,-6.36,-0.20247688254963964,58528
-1271,-6.355,-0.20236094043818548,58529
-1270,-6.35,-0.2022636378931094,58530
-1269,-6.345,-0.20218465524593945,58531
-1268,-6.34,-0.2021708382374352,58532
-1267,-6.335,-0.20215447000995462,58533
-1266,-6.33,-0.20212841407803714,58534
-1265,-6.325,-0.20205210817689234,58535
-1264,-6.32,-0.2019774191775922,58536
-1263,-6.315,-0.20192534342658172,58537
-1262,-6.31,-0.2018794699516882,58538
-1261,-6.305,-0.20172539653444363,58539
-1260,-6.3,-0.20157032739587702,58540
-1259,-6.295,-0.20143951284539532,58541
-1258,-6.29,-0.2012903015702218,58542
-1257,-6.285,-0.20115239329173543,58543
-1256,-6.28,-0.2010073399850195,58544
-1255,-6.275,-0.20085155413564063,58545
-1254,-6.27,-0.20076406312131842,58546
-1253,-6.265,-0.20064788854916382,58547
-1252,-6.26,-0.2005409098346806,58548
-1251,-6.255,-0.20032901719289659,58549
-1250,-6.25,-0.2001140894212148,58550
-1249,-6.245,-0.19988015924944383,58551
-1248,-6.24,-0.19961712893419156,58552
-1247,-6.235,-0.19935850328299518,58553
-1246,-6.23,-0.1990921812243909,58554
-1245,-6.225,-0.1988757800675359,58555
-1244,-6.22,-0.19858120163859644,58556
-1243,-6.215,-0.19830757804684365,58557
-1242,-6.21,-0.19802892645304124,58558
-1241,-6.205,-0.1977280000698257,58559
-1240,-6.2,-0.1974242649308734,58560
-1239,-6.195,-0.19714265363445171,58561
-1238,-6.19,-0.19691342948452004,58562
-1237,-6.185,-0.1966949846066704,58563
-1236,-6.18,-0.19648741800176617,58564
-1235,-6.175,-0.1962241516957482,58565
-1234,-6.17,-0.19608449908767595,58566
-1233,-6.165,-0.19594240096671206,58567
-1232,-6.16,-0.19579175419774764,58568
-1231,-6.155,-0.19563734295937857,58569
-1230,-6.15,-0.1954784362040507,58570
-1229,-6.145,-0.1952853046092586,58571
-1228,-6.14,-0.195120238485005,58572
-1227,-6.135,-0.1949470197622253,58573
-1226,-6.13,-0.19476770725845208,58574
-1225,-6.125,-0.19465195065354407,58575
-1224,-6.12,-0.19445874584753534,58576
-1223,-6.115,-0.19418522182151424,58577
-1222,-6.11,-0.19390428203488794,58578
-1221,-6.105,-0.1937517325223709,58579
-1220,-6.1,-0.19358928252281543,58580
-1219,-6.095,-0.19343502648130356,58581
-1218,-6.09,-0.19326173361058444,58582
-1217,-6.085,-0.1930850648250155,58583
-1216,-6.08,-0.19292698202532532,58584
-1215,-6.075,-0.19274135075656795,58585
-1214,-6.07,-0.1926430400669683,58586
-1213,-6.065,-0.19253094809404123,58587
-1212,-6.06,-0.19240742288214469,58588
-1211,-6.055,-0.192267494512975,58589
-1210,-6.05,-0.19213406497811555,58590
-1209,-6.045,-0.19198452212116682,58591
-1208,-6.04,-0.19182792038156932,58592
-1207,-6.035,-0.19166571480734193,58593
-1206,-6.03,-0.1914915325672154,58594
-1205,-6.025,-0.19135127247429246,58595
-1204,-6.02,-0.19102117196733182,58596
-1203,-6.015,-0.19078493579386085,58597
-1202,-6.01,-0.19052434792449724,58598
-1201,-6.005,-0.19032498171450696,58599
-1200,-6.0,-0.1901303964673894,58600
-1199,-5.995,-0.1899292264587504,58601
-1198,-5.99,-0.1897060996885227,58602
-1197,-5.985,-0.18950303477817354,58603
-1196,-5.98,-0.18928691330621958,58604
-1195,-5.975,-0.18902057964676677,58605
-1194,-5.97,-0.188824332430479,58606
-1193,-5.965,-0.18858533550420775,58607
-1192,-5.96,-0.18832121001484592,58608
-1191,-5.955,-0.18803532998779876,58609
-1190,-5.95,-0.18775274084818416,58610
-1189,-5.945,-0.1874844159839197,58611
-1188,-5.94,-0.18721580507661173,58612
-1187,-5.935,-0.18693665720286123,58613
-1186,-5.93,-0.1866780388440747,58614
-1185,-5.925,-0.1864246813073499,58615
-1184,-5.92,-0.18616851561347705,58616
-1183,-5.915,-0.18589396259702298,58617
-1182,-5.91,-0.18561438967522717,58618
-1181,-5.905,-0.18535555914816337,58619
-1180,-5.9,-0.18510379475765096,58620
-1179,-5.895,-0.1848407745525419,58621
-1178,-5.89,-0.18461380649023945,58622
-1177,-5.885,-0.18438616167532013,58623
-1176,-5.88,-0.18414989720143302,58624
-1175,-5.875,-0.1839123964925756,58625
-1174,-5.87,-0.18367283916912852,58626
-1173,-5.865,-0.1834251408321687,58627
-1172,-5.86,-0.1831750961372494,58628
-1171,-5.855,-0.18291108752866483,58629
-1170,-5.85,-0.18263737688331277,58630
-1169,-5.845,-0.18237290815868476,58631
-1168,-5.84,-0.1820985730800518,58632
-1167,-5.835,-0.1818339976558801,58633
-1166,-5.83,-0.18156003199064555,58634
-1165,-5.825,-0.18126898322788232,58635
-1164,-5.82,-0.18099156713999934,58636
-1163,-5.815,-0.18070406348791013,58637
-1162,-5.81,-0.18041704424858027,58638
-1161,-5.805,-0.1800215841978804,58639
-1160,-5.8,-0.1796376222304551,58640
-1159,-5.795,-0.1792348374368431,58641
-1158,-5.79,-0.17876496540839587,58642
-1157,-5.785,-0.17829179817259597,58643
-1156,-5.78,-0.17781695278879553,58644
-1155,-5.775,-0.1771991058389464,58645
-1154,-5.77,-0.17662104705208287,58646
-1153,-5.765,-0.1760709450343784,58647
-1152,-5.76,-0.175520474221478,58648
-1151,-5.755,-0.17496090611120874,58649
-1150,-5.75,-0.17439606061476456,58650
-1149,-5.745,-0.17392304303780193,58651
-1148,-5.74,-0.1734249023596915,58652
-1147,-5.735,-0.1729181198365977,58653
-1146,-5.73,-0.17241253512471402,58654
-1145,-5.725,-0.17198400186326993,58655
-1144,-5.72,-0.17153500962573548,58656
-1143,-5.715,-0.1711537721934799,58657
-1142,-5.71,-0.17077329859378612,58658
-1141,-5.705,-0.17042725684485047,58659
-1140,-5.7,-0.17008084315094538,58660
-1139,-5.695,-0.16972670266154022,58661
-1138,-5.69,-0.16935777769679503,58662
-1137,-5.685,-0.1689989343791593,58663
-1136,-5.68,-0.1686246213578018,58664
-1135,-5.675,-0.16835916617502258,58665
-1134,-5.67,-0.16808754366137413,58666
-1133,-5.665,-0.16784172060593192,58667
-1132,-5.66,-0.16759541643900247,58668
-1131,-5.655,-0.16735015652610893,58669
-1130,-5.65,-0.1671038197727598,58670
-1129,-5.645,-0.1668528209281693,58671
-1128,-5.64,-0.16655443983214147,58672
-1127,-5.635,-0.1662347804586659,58673
-1126,-5.63,-0.16594518906074285,58674
-1125,-5.625,-0.16567453166739712,58675
-1124,-5.62,-0.16537842834506816,58676
-1123,-5.615,-0.16505444880383482,58677
-1122,-5.61,-0.16473005551406217,58678
-1121,-5.605,-0.16436347335937132,58679
-1120,-5.6,-0.1639969744748064,58680
-1119,-5.595,-0.1636439843956312,58681
-1118,-5.59,-0.16329719520260544,58682
-1117,-5.585,-0.16296589073414722,58683
-1116,-5.58,-0.16262879116564133,58684
-1115,-5.575,-0.16232286193241396,58685
-1114,-5.57,-0.16201288859168467,58686
-1113,-5.565,-0.1617197727148029,58687
-1112,-5.56,-0.16142683567762792,58688
-1111,-5.555,-0.16110615096762476,58689
-1110,-5.55,-0.16078187836283545,58690
-1109,-5.545,-0.16038221356765445,58691
-1108,-5.54,-0.15995356620689474,58692
-1107,-5.535,-0.1595149786344477,58693
-1106,-5.53,-0.15908536745356752,58694
-1105,-5.525,-0.15862728916234983,58695
-1104,-5.52,-0.1581741767888571,58696
-1103,-5.515,-0.15760220467444952,58697
-1102,-5.51,-0.1570307288615617,58698
-1101,-5.505,-0.15651694649346506,58699
-1100,-5.5,-0.15601564118588718,58700
-1099,-5.495,-0.15556259942582076,58701
-1098,-5.49,-0.15510952689620866,58702
-1097,-5.485,-0.15465974305139607,58703
-1096,-5.48,-0.15419298639408716,58704
-1095,-5.475,-0.15369388774678922,58705
-1094,-5.47,-0.15315715170571123,58706
-1093,-5.465,-0.15264022611380842,58707
-1092,-5.46,-0.1521239312744234,58708
-1091,-5.455,-0.15159458084874367,58709
-1090,-5.45,-0.1510704237411637,58710
-1089,-5.445,-0.15060865214273103,58711
-1088,-5.44,-0.15016502740047824,58712
-1087,-5.435,-0.14972424893863348,58713
-1086,-5.43,-0.14929249004589468,58714
-1085,-5.425,-0.14887080159373534,58715
-1084,-5.42,-0.14848900766084427,58716
-1083,-5.415,-0.14807631012729355,58717
-1082,-5.41,-0.14766296478074714,58718
-1081,-5.405,-0.14725687107062888,58719
-1080,-5.4,-0.14684893529205004,58720
-1079,-5.395,-0.1464531731022246,58721
-1078,-5.39,-0.14614146489738922,58722
-1077,-5.385,-0.14584251659343325,58723
-1076,-5.38,-0.1455186903526813,58724
-1075,-5.375,-0.14516270312060922,58725
-1074,-5.37,-0.14480801397572649,58726
-1073,-5.365,-0.14445399184191893,58727
-1072,-5.36,-0.14409985595538133,58728
-1071,-5.355,-0.14370672128272605,58729
-1070,-5.35,-0.1432943106072209,58730
-1069,-5.345,-0.14283930946183454,58731
-1068,-5.34,-0.1423972474294205,58732
-1067,-5.335,-0.14195065530013254,58733
-1066,-5.33,-0.14148737298456798,58734
-1065,-5.325,-0.14095179956687343,58735
-1064,-5.32,-0.14045732373062067,58736
-1063,-5.315,-0.14003652187355997,58737
-1062,-5.31,-0.13961532733885496,58738
-1061,-5.305,-0.13912785469491887,58739
-1060,-5.3,-0.13864310449298298,58740
-1059,-5.295,-0.13813526739991466,58741
-1058,-5.29,-0.13755427565608772,58742
-1057,-5.285,-0.13696278711489437,58743
-1056,-5.28,-0.13634253333953714,58744
-1055,-5.275,-0.13570993269095002,58745
-1054,-5.27,-0.1350562879011175,58746
-1053,-5.265,-0.1343380085911044,58747
-1052,-5.26,-0.13361976238327913,58748
-1051,-5.255,-0.13290803868063542,58749
-1050,-5.25,-0.1321979617329241,58750
-1049,-5.245,-0.1314460858603004,58751
-1048,-5.24,-0.13068400088734472,58752
-1047,-5.235,-0.12992387463737767,58753
-1046,-5.23,-0.1291697558109671,58754
-1045,-5.225,-0.12854388937570743,58755
-1044,-5.22,-0.12801044616131654,58756
-1043,-5.215,-0.12757861602999912,58757
-1042,-5.21,-0.12714810816535616,58758
-1041,-5.205,-0.12665035987623205,58759
-1040,-5.2,-0.12615010889245726,58760
-1039,-5.195,-0.1256408911464714,58761
-1038,-5.19,-0.12517420865301884,58762
-1037,-5.185,-0.12469659142749998,58763
-1036,-5.18,-0.12421225633629746,58764
-1035,-5.175,-0.12370933188652111,58765
-1034,-5.17,-0.12320282502843204,58766
-1033,-5.165,-0.1225936424694694,58767
-1032,-5.16,-0.1219831720365515,58768
-1031,-5.155,-0.12133679502599896,58769
-1030,-5.15,-0.12067919514157414,58770
-1029,-5.145,-0.12005230695479553,58771
-1028,-5.14,-0.11943022462683668,58772
-1027,-5.135,-0.11880937804544495,58773
-1026,-5.13,-0.11817592149911836,58774
-1025,-5.125,-0.11758985787765806,58775
-1024,-5.12,-0.11701573465386728,58776
-1023,-5.115,-0.11650758738886725,58777
-1022,-5.11,-0.11600114033171295,58778
-1021,-5.105,-0.11547318941679774,58779
-1020,-5.1,-0.11495473449290451,58780
-1019,-5.095,-0.11440807148505183,58781
-1018,-5.09,-0.11380389427536916,58782
-1017,-5.085,-0.11319791709233071,58783
-1016,-5.08,-0.1126034137845427,58784
-1015,-5.075,-0.11200886673713459,58785
-1014,-5.07,-0.11128522881093326,58786
-1013,-5.065,-0.11057965739591402,58787
-1012,-5.06,-0.10996155151661956,58788
-1011,-5.055,-0.10943944958052511,58789
-1010,-5.05,-0.10892185314045394,58790
-1009,-5.045,-0.108422118464013,58791
-1008,-5.04,-0.10787907391873869,58792
-1007,-5.035,-0.10735486470407071,58793
-1006,-5.03,-0.10682753585772159,58794
-1005,-5.025,-0.10619960000667783,58795
-1004,-5.02,-0.10556908334355791,58796
-1003,-5.015,-0.1050328974708644,58797
-1002,-5.01,-0.10450994971542005,58798
-1001,-5.005,-0.1040143568932524,58799
-1000,-5.0,-0.10351361725918716,58800
-999,-4.995,-0.10305491994780065,58801
-998,-4.99,-0.10260373574039838,58802
-997,-4.985,-0.10215941380847457,58803
-996,-4.98,-0.10172285513358142,58804
-995,-4.975,-0.1012789753338943,58805
-994,-4.97,-0.1010424603487329,58806
-993,-4.965,-0.10077973907748618,58807
-992,-4.96,-0.10051092847806872,58808
-991,-4.955,-0.10024798109680681,58809
-990,-4.95,-0.09998526679912155,58810
-989,-4.945,-0.0997097705927267,58811
-988,-4.94,-0.09945094346017169,58812
-987,-4.935,-0.09918254211200851,58813
-986,-4.93,-0.09891522357171498,58814
-985,-4.925,-0.09850630017248996,58815
-984,-4.92,-0.0979376914294616,58816
-983,-4.915,-0.09727303387522745,58817
-982,-4.91,-0.09661125320555297,58818
-981,-4.905,-0.09595426003689231,58819
-980,-4.9,-0.09531054729444362,58820
-979,-4.895,-0.0946757877741237,58821
-978,-4.89,-0.09411032533864909,58822
-977,-4.885,-0.09354872569268033,58823
-976,-4.88,-0.09299405141427493,58824
-975,-4.875,-0.09246378970531048,58825
-974,-4.87,-0.0919832813525982,58826
-973,-4.865,-0.09149857489440572,58827
-972,-4.86,-0.09100408921625476,58828
-971,-4.855,-0.09051004801121698,58829
-970,-4.85,-0.09001641479475893,58830
-969,-4.845,-0.08952694404804536,58831
-968,-4.84,-0.08894170149429356,58832
-967,-4.835,-0.08833356066491704,58833
-966,-4.83,-0.08773165002262769,58834
-965,-4.825,-0.08709741004323278,58835
-964,-4.82,-0.08638815157926805,58836
-963,-4.815,-0.0858047912942194,58837
-962,-4.81,-0.08522211108779087,58838
-961,-4.805,-0.0845919665477526,58839
-960,-4.8,-0.08395922447892684,58840
-959,-4.795,-0.08334342287345699,58841
-958,-4.79,-0.08280970527255203,58842
-957,-4.785,-0.08229855747367013,58843
-956,-4.78,-0.08178223508424898,58844
-955,-4.775,-0.0813104342154314,58845
-954,-4.77,-0.08085052418585258,58846
-953,-4.765,-0.08038314948600495,58847
-952,-4.76,-0.07990825574905251,58848
-951,-4.755,-0.07943905208798331,58849
-950,-4.75,-0.07895460992568024,58850
-949,-4.745,-0.07845081949269157,58851
-948,-4.74,-0.07787440523831296,58852
-947,-4.735,-0.07729025916824077,58853
-946,-4.73,-0.07668251308239188,58854
-945,-4.725,-0.07614176371787888,58855
-944,-4.72,-0.07555604229316439,58856
-943,-4.715,-0.0750095392581224,58857
-942,-4.71,-0.07438066051398222,58858
-941,-4.705,-0.07367369435303504,58859
-940,-4.7,-0.07297091019545032,58860
-939,-4.695,-0.07225747243001233,58861
-938,-4.69,-0.07153087038794191,58862
-937,-4.685,-0.07080571389707489,58863
-936,-4.68,-0.07007724941237334,58864
-935,-4.675,-0.0692871438174269,58865
-934,-4.67,-0.06849995991964464,58866
-933,-4.665,-0.06770735204113089,58867
-932,-4.66,-0.0670153738966128,58868
-931,-4.655,-0.06634339489634437,58869
-930,-4.65,-0.06568435739049507,58870
-929,-4.645,-0.06498608414533855,58871
-928,-4.64,-0.06423377247880602,58872
-927,-4.635,-0.06347891805025463,58873
-926,-4.63,-0.06271086598252174,58874
-925,-4.625,-0.06200737336578657,58875
-924,-4.62,-0.061272362562938776,58876
-923,-4.615,-0.06051993506682776,58877
-922,-4.61,-0.05976349877705521,58878
-921,-4.605,-0.05902373781122097,58879
-920,-4.6,-0.0582842917236337,58880
-919,-4.595,-0.05753520931442553,58881
-918,-4.59,-0.05682278430920719,58882
-917,-4.585,-0.05611996316911553,58883
-916,-4.58,-0.05541899449811826,58884
-915,-4.575,-0.05475847677020646,58885
-914,-4.57,-0.054087178713232154,58886
-913,-4.565,-0.053352968451168874,58887
-912,-4.56,-0.05261314140655563,58888
-911,-4.555,-0.051967925453408864,58889
-910,-4.55,-0.05140705954270332,58890
-909,-4.545,-0.050867486227609754,58891
-908,-4.54,-0.0502722401274521,58892
-907,-4.535,-0.04968694514398928,58893
-906,-4.53,-0.049092383936705696,58894
-905,-4.525,-0.04840737198145455,58895
-904,-4.52,-0.04767872999968201,58896
-903,-4.515,-0.0469333978316733,58897
-902,-4.51,-0.046186782556052346,58898
-901,-4.505,-0.04543583568306178,58899
-900,-4.5,-0.044596074530473255,58900
-899,-4.495,-0.04373621696335142,58901
-898,-4.49,-0.042895432021431534,58902
-897,-4.485,-0.04205945922712884,58903
-896,-4.48,-0.04122922779625772,58904
-895,-4.475,-0.040526443947426584,58905
-894,-4.47,-0.039911240776849884,58906
-893,-4.465,-0.03937235797188025,58907
-892,-4.46,-0.03883093090190937,58908
-891,-4.455,-0.038275158468916916,58909
-890,-4.45,-0.0377178539858238,58910
-889,-4.445,-0.037157340905287065,58911
-888,-4.44,-0.0365776099158465,58912
-887,-4.435,-0.035988688202296996,58913
-886,-4.43,-0.035396446248364764,58914
-885,-4.425,-0.034770441904147485,58915
-884,-4.42,-0.03414612344517773,58916
-883,-4.415,-0.03354573705206505,58917
-882,-4.41,-0.0329363588675536,58918
-881,-4.405,-0.03233475823470703,58919
-880,-4.4,-0.031718512620830024,58920
-879,-4.395,-0.03113433765856068,58921
-878,-4.39,-0.030591238029777874,58922
-877,-4.385,-0.030046224191434226,58923
-876,-4.38,-0.02960474504714007,58924
-875,-4.375,-0.02912974492973388,58925
-874,-4.37,-0.02862203834663803,58926
-873,-4.365,-0.028117724103239216,58927
-872,-4.36,-0.02761560892801974,58928
-871,-4.355,-0.026989141611571614,58929
-870,-4.35,-0.026354586627876903,58930
-869,-4.345,-0.025640009420010046,58931
-868,-4.34,-0.02490693026090177,58932
-867,-4.335,-0.024176977977536596,58933
-866,-4.33,-0.023352040178589654,58934
-865,-4.325,-0.02250662714844953,58935
-864,-4.32,-0.021602089771773567,58936
-863,-4.315,-0.020681166207216682,58937
-862,-4.31,-0.01975564530216954,58938
-861,-4.305,-0.01889771532656749,58939
-860,-4.3,-0.018039450940352145,58940
-859,-4.295,-0.017281547799789018,58941
-858,-4.29,-0.016525525291466538,58942
-857,-4.285,-0.015773957866220104,58943
-856,-4.28,-0.015115892137280174,58944
-855,-4.275,-0.014515628262980612,58945
-854,-4.27,-0.0139256356990631,58946
-853,-4.265,-0.013244579151867436,58947
-852,-4.26,-0.01260538191283643,58948
-851,-4.255,-0.011950065033689583,58949
-850,-4.25,-0.011305879327074761,58950
-849,-4.245,-0.010652088327874317,58951
-848,-4.24,-0.010063148939456914,58952
-847,-4.235,-0.009476559914296577,58953
-846,-4.23,-0.008891078472863995,58954
-845,-4.225,-0.008330428816888178,58955
-844,-4.22,-0.007846207818985053,58956
-843,-4.215,-0.007366798874934219,58957
-842,-4.21,-0.00688047727673729,58958
-841,-4.205,-0.006414614549961379,58959
-840,-4.2,-0.005947758507852913,58960
-839,-4.195,-0.005511399594891525,58961
-838,-4.19,-0.005112883241941978,58962
-837,-4.185,-0.004709114692414186,58963
-836,-4.18,-0.004291412935908105,58964
-835,-4.175,-0.003804520896035509,58965
-834,-4.17,-0.003329354056226149,58966
-833,-4.165,-0.002838618250279536,58967
-832,-4.16,-0.0023536628594436576,58968
-831,-4.155,-0.0018516682742551354,58969
-830,-4.15,-0.001360356793763246,58970
-829,-4.145,-0.000842281571442412,58971
-828,-4.14,-0.00021167111999128058,58972
-827,-4.135,0.00040898696152946197,58973
-826,-4.13,0.001026687192244217,58974
-825,-4.125,0.0016170518755697736,58975
-824,-4.12,0.0022428004918666387,58976
-823,-4.115,0.002817929579187327,58977
-822,-4.11,0.0034056627283610475,58978
-821,-4.105,0.003994365983931619,58979
-820,-4.1,0.004599102353508539,58980
-819,-4.095,0.005162685124774153,58981
-818,-4.09,0.005696509300710627,58982
-817,-4.085,0.006255457918492249,58983
-816,-4.08,0.006823521292097656,58984
-815,-4.075,0.007288571822412093,58985
-814,-4.07,0.0077819995024885095,58986
-813,-4.065,0.008342104175217668,58987
-812,-4.06,0.008906966885866459,58988
-811,-4.055,0.009433673292216149,58989
-810,-4.05,0.009951811189840645,58990
-809,-4.045,0.01047740061685848,58991
-808,-4.04,0.010939892270220325,58992
-807,-4.035,0.011417711444188915,58993
-806,-4.03,0.01187879073069063,58994
-805,-4.025,0.012401413964178452,58995
-804,-4.02,0.01294323364534883,58996
-803,-4.015,0.013469226018144204,58997
-802,-4.01,0.013985148284256331,58998
-801,-4.005,0.014486470808667926,58999
-800,-4.0,0.01499911887542686,59000
-799,-3.995,0.015522391559275496,59001
-798,-3.99,0.01613121092074545,59002
-797,-3.985,0.01671763864866809,59003
-796,-3.98,0.01729166207308216,59004
-795,-3.975,0.017902168984221836,59005
-794,-3.97,0.0185028179259398,59006
-793,-3.965,0.019114316471158015,59007
-792,-3.96,0.019736073536265383,59008
-791,-3.955,0.020371377241439864,59009
-790,-3.95,0.0210086125223097,59010
-789,-3.945,0.0216991423086187,59011
-788,-3.94,0.022387035258465048,59012
-787,-3.935,0.02308949827018707,59013
-786,-3.93,0.023787052158536347,59014
-785,-3.925,0.024655441309565634,59015
-784,-3.92,0.025544784129587866,59016
-783,-3.915,0.026340860592756535,59017
-782,-3.91,0.02715486517473971,59018
-781,-3.905,0.027955181243384676,59019
-780,-3.9,0.028750289287939483,59020
-779,-3.895,0.02953801811500118,59021
-778,-3.89,0.030326919043083385,59022
-777,-3.885,0.031101108420776912,59023
-776,-3.88,0.03189153696246746,59024
-775,-3.875,0.03257011036963966,59025
-774,-3.87,0.03324526351774007,59026
-773,-3.865,0.03397077884911183,59027
-772,-3.86,0.03468970590343311,59028
-771,-3.855,0.0353216939467886,59029
-770,-3.85,0.035966749280786095,59030
-769,-3.845,0.03659434466633215,59031
-768,-3.84,0.03724454412127419,59032
-767,-3.835,0.0379046217132255,59033
-766,-3.83,0.03855832704226417,59034
-765,-3.825,0.039306508846221964,59035
-764,-3.82,0.04006748727162238,59036
-763,-3.815,0.04084973370166839,59037
-762,-3.81,0.04163173601192074,59038
-761,-3.805,0.042432174953648205,59039
-760,-3.8,0.043211805116644776,59040
-759,-3.795,0.04401279290563943,59041
-758,-3.79,0.04479472764407169,59042
-757,-3.785,0.04557742031610892,59043
-756,-3.78,0.046363365853154495,59044
-755,-3.775,0.047143996573380455,59045
-754,-3.77,0.04793194754374223,59046
-753,-3.765,0.0487290820165248,59047
-752,-3.76,0.049526723198852034,59048
-751,-3.755,0.05034481409359573,59049
-750,-3.75,0.05117419186937625,59050
-749,-3.745,0.052062392986970955,59051
-748,-3.74,0.052937846383940966,59052
-747,-3.735,0.053816296648087014,59053
-746,-3.73,0.054710759070927366,59054
-745,-3.725,0.05559581924427425,59055
-744,-3.72,0.056513352275278435,59056
-743,-3.715,0.0574215083982369,59057
-742,-3.71,0.058332701553567214,59058
-741,-3.705,0.05922364797291138,59059
-740,-3.7,0.06011334030120185,59060
-739,-3.695,0.061021193385597416,59061
-738,-3.69,0.0619277954291565,59062
-737,-3.685,0.06284216160815047,59063
-736,-3.68,0.06374009189400949,59064
-735,-3.675,0.06457528447073256,59065
-734,-3.67,0.06537691117012005,59066
-733,-3.665,0.06617177678976538,59067
-732,-3.66,0.0669679438382172,59068
-731,-3.655,0.06772706576574937,59069
-730,-3.65,0.06847820683436895,59070
-729,-3.645,0.06913829674476735,59071
-728,-3.64,0.06979921445342019,59072
-727,-3.635,0.07045050931708041,59073
-726,-3.63,0.07111042046556984,59074
-725,-3.625,0.0717349832642836,59075
-724,-3.62,0.07236622361238947,59076
-723,-3.615,0.07301901287436684,59077
-722,-3.61,0.07367024263487501,59078
-721,-3.605,0.07433951654492968,59079
-720,-3.6,0.07501797918531476,59080
-719,-3.595,0.07572344896834667,59081
-718,-3.59,0.07642228637290001,59082
-717,-3.585,0.07712261952039373,59083
-716,-3.58,0.07780768548669349,59084
-715,-3.575,0.07859093052645306,59085
-714,-3.57,0.07935313936529506,59086
-713,-3.565,0.08010961492415265,59087
-712,-3.56,0.08086365274564009,59088
-711,-3.555,0.08159616860945602,59089
-710,-3.55,0.08233006718078292,59090
-709,-3.545,0.08306608891243046,59091
-708,-3.54,0.08384898954737169,59092
-707,-3.535,0.08463617042291827,59093
-706,-3.53,0.08541796257623702,59094
-705,-3.525,0.08611807746912194,59095
-704,-3.52,0.08684067494031832,59096
-703,-3.515,0.08757087494212637,59097
-702,-3.51,0.08838567044028289,59098
-701,-3.505,0.08926552421565931,59099
-700,-3.5,0.0901503955775763,59100
-699,-3.495,0.09105102046266232,59101
-698,-3.49,0.09194952621180008,59102
-697,-3.485,0.09285132071428097,59103
-696,-3.48,0.09373344439920832,59104
-695,-3.475,0.09470822580857376,59105
-694,-3.47,0.09573010737300802,59106
-693,-3.465,0.09674085643228253,59107
-692,-3.46,0.09768014006887567,59108
-691,-3.455,0.09863478913764971,59109
-690,-3.45,0.09957809446499653,59110
-689,-3.445,0.1005098328958584,59111
-688,-3.44,0.10143509185138715,59112
-687,-3.435,0.10235364163100334,59113
-686,-3.43,0.10326575913810988,59114
-685,-3.425,0.10418354761944264,59115
-684,-3.42,0.10507937535758818,59116
-683,-3.415,0.10599604532258489,59117
-682,-3.41,0.10691094002099735,59118
-681,-3.405,0.10790354519629868,59119
-680,-3.4,0.1089068425903214,59120
-679,-3.395,0.1099116306669416,59121
-678,-3.39,0.11091856452073748,59122
-677,-3.385,0.11192186944813001,59123
-676,-3.38,0.11301856159328645,59124
-675,-3.375,0.11405582552784525,59125
-674,-3.37,0.11511272933077919,59126
-673,-3.365,0.11618874185018649,59127
-672,-3.36,0.11725786011792927,59128
-671,-3.355,0.11828152056822294,59129
-670,-3.35,0.11928569035782254,59130
-669,-3.345,0.12027739612815501,59131
-668,-3.34,0.12133496422634985,59132
-667,-3.335,0.12238899282044864,59133
-666,-3.33,0.1234536679504066,59134
-665,-3.325,0.12447645744980124,59135
-664,-3.32,0.12547263856837781,59136
-663,-3.315,0.12649237660350438,59137
-662,-3.31,0.1275095518340465,59138
-661,-3.305,0.12857087458582897,59139
-660,-3.3,0.12962926755155219,59140
-659,-3.295,0.1306853864974777,59141
-658,-3.29,0.1316262464894141,59142
-657,-3.285,0.1325812245345577,59143
-656,-3.28,0.13344968955238626,59144
-655,-3.275,0.1342834131415108,59145
-654,-3.27,0.13511584756809025,59146
-653,-3.265,0.13594693657286833,59147
-652,-3.26,0.13677491389887736,59148
-651,-3.255,0.13765157973365194,59149
-650,-3.25,0.13852237959790442,59150
-649,-3.245,0.1393766283800339,59151
-648,-3.24,0.14026928696850774,59152
-647,-3.235,0.14113872479138992,59153
-646,-3.23,0.1420961712949103,59154
-645,-3.225,0.1430773668304535,59155
-644,-3.22,0.14405720988517137,59156
-643,-3.215,0.14504655154129079,59157
-642,-3.21,0.14603737165801733,59158
-641,-3.205,0.14693901392605285,59159
-640,-3.2,0.14784817255799348,59160
-639,-3.195,0.14874712380242522,59161
-638,-3.19,0.14972425775375506,59162
-637,-3.185,0.15069894846635917,59163
-636,-3.18,0.15159603956556833,59164
-635,-3.175,0.15251800583805097,59165
-634,-3.17,0.15343386683160723,59166
-633,-3.165,0.15435701269692653,59167
-632,-3.16,0.15528385791677263,59168
-631,-3.155,0.156135941026229,59169
-630,-3.15,0.1570077765882052,59170
-629,-3.145,0.15789967837645769,59171
-628,-3.14,0.15878406405773407,59172
-627,-3.135,0.15966925754614308,59173
-626,-3.13,0.1605499035596553,59174
-625,-3.125,0.16135468538158937,59175
-624,-3.12,0.1621956216777681,59176
-623,-3.115,0.1630203150759832,59177
-622,-3.11,0.1638493162917328,59178
-621,-3.105,0.16470493382586066,59179
-620,-3.1,0.1655447151750408,59180
-619,-3.095,0.16638532151031427,59181
-618,-3.09,0.16718280098436777,59182
-617,-3.085,0.16798139777662183,59183
-616,-3.08,0.1687791751475064,59184
-615,-3.075,0.16962541322182206,59185
-614,-3.07,0.17044304100152144,59186
-613,-3.065,0.17121864338651266,59187
-612,-3.06,0.17199171924859646,59188
-611,-3.055,0.17284102289790967,59189
-610,-3.05,0.17369411116593747,59190
-609,-3.045,0.17455578191757362,59191
-608,-3.04,0.1754820934028418,59192
-607,-3.035,0.1764076817267048,59193
-606,-3.03,0.17733640478029397,59194
-605,-3.025,0.17819133772090656,59195
-604,-3.02,0.17905927888663814,59196
-603,-3.015,0.17989474732702823,59197
-602,-3.01,0.18073312078968776,59198
-601,-3.005,0.18156216155692842,59199
-600,-3.0,0.1823873890738206,59200
-599,-2.995,0.1832004899529094,59201
-598,-2.99,0.1839364750279679,59202
-597,-2.985,0.18467237002040326,59203
-596,-2.98,0.18540820208552852,59204
-595,-2.975,0.18625328008942507,59205
-594,-2.97,0.18705280326579127,59206
-593,-2.965,0.18785664404170604,59207
-592,-2.96,0.18865262869490407,59208
-591,-2.955,0.18944765748101988,59209
-590,-2.95,0.19022700533092568,59210
-589,-2.945,0.1909928622643514,59211
-588,-2.94,0.19173396607949697,59212
-587,-2.935,0.19248319251066895,59213
-586,-2.93,0.19332966671828436,59214
-585,-2.925,0.19401300024712156,59215
-584,-2.92,0.1947214148949063,59216
-583,-2.915,0.1955040698901619,59217
-582,-2.91,0.19628927558940973,59218
-581,-2.905,0.19705284506276008,59219
-580,-2.9,0.19780643182685112,59220
-579,-2.895,0.19853669873903104,59221
-578,-2.89,0.19934536304466455,59222
-577,-2.885,0.20014282321055063,59223
-576,-2.88,0.20093811021209615,59224
-575,-2.875,0.20179639226098606,59225
-574,-2.87,0.20263213559024726,59226
-573,-2.865,0.20340035730913575,59227
-572,-2.86,0.20416262350444406,59228
-571,-2.855,0.2049223734133851,59229
-570,-2.85,0.2056784299283848,59230
-569,-2.845,0.2064692982915748,59231
-568,-2.84,0.20717359724628673,59232
-567,-2.835,0.20788133875236772,59233
-566,-2.83,0.20852051413279113,59234
-565,-2.825,0.20927847542633884,59235
-564,-2.82,0.21004745084034415,59236
-563,-2.815,0.21079876186236668,59237
-562,-2.81,0.21156117776769492,59238
-561,-2.805,0.21234732635051992,59239
-560,-2.8,0.21313560135628826,59240
-559,-2.795,0.21392662540617557,59241
-558,-2.79,0.21463555156952366,59242
-557,-2.785,0.2153434785909911,59243
-556,-2.78,0.2160381723571233,59244
-555,-2.775,0.21663058478685285,59245
-554,-2.77,0.21720226589004601,59246
-553,-2.765,0.21776165372041065,59247
-552,-2.76,0.21832567158304472,59248
-551,-2.755,0.21895350619531942,59249
-550,-2.75,0.21958954939241296,59250
-549,-2.745,0.22022781120865748,59251
-548,-2.74,0.22096415808810216,59252
-547,-2.735,0.22170219377916406,59253
-546,-2.73,0.2224490436212909,59254
-545,-2.725,0.22326331851969447,59255
-544,-2.72,0.22407432212310194,59256
-543,-2.715,0.22491793815828454,59257
-542,-2.71,0.22576071530744782,59258
-541,-2.705,0.22646646281001068,59259
-540,-2.7,0.22718039086066374,59260
-539,-2.695,0.22787122369151863,59261
-538,-2.69,0.22852742328263206,59262
-537,-2.685,0.22918757318169436,59263
-536,-2.68,0.2299215978804427,59264
-535,-2.675,0.23053054630501493,59265
-534,-2.67,0.2311274129685288,59266
-533,-2.665,0.2317955716869103,59267
-532,-2.66,0.2324759671827541,59268
-531,-2.655,0.23314301306956436,59269
-530,-2.65,0.23380648673786575,59270
-529,-2.645,0.23448932958601418,59271
-528,-2.64,0.2352100700196194,59272
-527,-2.635,0.23593434311197048,59273
-526,-2.63,0.23665521820820998,59274
-525,-2.625,0.23739743249911424,59275
-524,-2.62,0.2381551925363599,59276
-523,-2.615,0.23892772494511047,59277
-522,-2.61,0.2396973176843034,59278
-521,-2.605,0.24047424368087553,59279
-520,-2.6,0.24124892328728043,59280
-519,-2.595,0.24201074047176782,59281
-518,-2.59,0.24285283826121193,59282
-517,-2.585,0.24370663392150557,59283
-516,-2.58,0.24447733168653543,59284
-515,-2.575,0.24525658392720845,59285
-514,-2.57,0.2460619307142263,59286
-513,-2.565,0.24667939079043008,59287
-512,-2.56,0.24735710553160864,59288
-511,-2.555,0.24798003773636085,59289
-510,-2.55,0.24861046121811997,59290
-509,-2.545,0.24925544509633538,59291
-508,-2.54,0.24999320300083583,59292
-507,-2.535,0.2507220329078385,59293
-506,-2.53,0.25142722206355694,59294
-505,-2.525,0.2521116555077746,59295
-504,-2.52,0.2527609699604956,59296
-503,-2.515,0.25350067195122034,59297
-502,-2.51,0.25423377228719646,59298
-501,-2.505,0.2549529905235002,59299
-500,-2.5,0.2556735034574821,59300
-499,-2.495,0.2563923766276979,59301
-498,-2.49,0.2569537086164841,59302
-497,-2.485,0.25751944326189097,59303
-496,-2.48,0.25808948988448055,59304
-495,-2.475,0.25892166877711703,59305
-494,-2.47,0.2597771056760844,59306
-493,-2.465,0.26065932525367974,59307
-492,-2.46,0.2615470483348833,59308
-491,-2.455,0.26240513525492126,59309
-490,-2.45,0.2632598947531318,59310
-489,-2.445,0.26409309800583636,59311
-488,-2.44,0.26498676032246066,59312
-487,-2.435,0.26587657800954134,59313
-486,-2.43,0.2667571798629411,59314
-485,-2.425,0.26736515381145715,59315
-484,-2.42,0.2678524999632464,59316
-483,-2.415,0.26834538479826403,59317
-482,-2.41,0.2688378862846381,59318
-481,-2.405,0.2694167781585733,59319
-480,-2.4,0.27000050021529437,59320
-479,-2.395,0.2705798525387182,59321
-478,-2.39,0.27114014466607866,59322
-477,-2.385,0.27169638004573593,59323
-476,-2.38,0.27227377754219106,59324
-475,-2.375,0.27286825426131595,59325
-474,-2.37,0.273470343083294,59326
-473,-2.365,0.27405318829462516,59327
-472,-2.36,0.2746351914403704,59328
-471,-2.355,0.2751948087213817,59329
-470,-2.35,0.27574904948462786,59330
-469,-2.345,0.2763150742223719,59331
-468,-2.34,0.2768659910055867,59332
-467,-2.335,0.27741247799314284,59333
-466,-2.33,0.2779624324862931,59334
-465,-2.325,0.2785551105003088,59335
-464,-2.32,0.2791285569198155,59336
-463,-2.315,0.27962421918049,59337
-462,-2.31,0.28012027354854235,59338
-461,-2.305,0.28062651374890646,59339
-460,-2.3,0.2811288372629183,59340
-459,-2.295,0.281666210988161,59341
-458,-2.29,0.28222410163344624,59342
-457,-2.285,0.2827714025965795,59343
-456,-2.28,0.2833465749843715,59344
-455,-2.275,0.28389270830732055,59345
-454,-2.27,0.28445418319227334,59346
-453,-2.265,0.28509122490630806,59347
-452,-2.26,0.28572843606332016,59348
-451,-2.255,0.2864199278806312,59349
-450,-2.25,0.2871112114255516,59350
-449,-2.245,0.2877316507229298,59351
-448,-2.24,0.2883775228820969,59352
-447,-2.235,0.28902504388237815,59353
-446,-2.23,0.2896457177920013,59354
-445,-2.225,0.29025981094864706,59355
-444,-2.22,0.29086834575399273,59356
-443,-2.215,0.29142360681949,59357
-442,-2.21,0.29197395097685236,59358
-441,-2.205,0.29248821869230307,59359
-440,-2.2,0.2929961496203069,59360
-439,-2.195,0.2934929151075305,59361
-438,-2.19,0.2940045783386503,59362
-437,-2.185,0.2945231318855271,59363
-436,-2.18,0.2950404521676294,59364
-435,-2.175,0.29555778948770384,59365
-434,-2.17,0.29608376727911495,59366
-433,-2.165,0.29675013832265956,59367
-432,-2.16,0.2974167714831255,59368
-431,-2.155,0.29818661489840176,59369
-430,-2.15,0.29895373317638,59370
-429,-2.145,0.29971801149903216,59371
-428,-2.14,0.30046351549955425,59372
-427,-2.135,0.3012055436676148,59373
-426,-2.13,0.30193759596144293,59374
-425,-2.125,0.3026749128287159,59375
-424,-2.12,0.30344873266296274,59376
-423,-2.115,0.3040626322275431,59377
-422,-2.11,0.30467955636397454,59378
-421,-2.105,0.30518502125354124,59379
-420,-2.1,0.3056879328773187,59380
-419,-2.095,0.3061970693587644,59381
-418,-2.09,0.3066950509267389,59382
-417,-2.085,0.3071939004829279,59383
-416,-2.08,0.30769098100667347,59384
-415,-2.075,0.3082513360822162,59385
-414,-2.07,0.308887610851101,59386
-413,-2.065,0.3095169506558489,59387
-412,-2.06,0.3101473034169134,59388
-411,-2.055,0.310759252165427,59389
-410,-2.05,0.3113907216211294,59390
-409,-2.045,0.3120580884713106,59391
-408,-2.04,0.31276443684951305,59392
-407,-2.035,0.3134663937206311,59393
-406,-2.03,0.3141782665162368,59394
-405,-2.025,0.31491155028069195,59395
-404,-2.02,0.3155725064986467,59396
-403,-2.015,0.31632664312641645,59397
-402,-2.01,0.31708156476843613,59398
-401,-2.005,0.3178395512550385,59399
-400,-2.0,0.3186117941891458,59400
-399,-1.995,0.3193700360823404,59401
-398,-1.99,0.3201192890672575,59402
-397,-1.985,0.32087141296920485,59403
-396,-1.98,0.32170701523356643,59404
-395,-1.975,0.32249238792455587,59405
-394,-1.97,0.32324204495916126,59406
-393,-1.965,0.32390470665698734,59407
-392,-1.96,0.32456508620337193,59408
-391,-1.955,0.32537647039905543,59409
-390,-1.95,0.3260903357192617,59410
-389,-1.945,0.32681940913933677,59411
-388,-1.94,0.3275764530986551,59412
-387,-1.935,0.3283261749507072,59413
-386,-1.93,0.32898438114676937,59414
-385,-1.925,0.32969335699015356,59415
-384,-1.92,0.3304204958722584,59416
-383,-1.915,0.33129422733021063,59417
-382,-1.91,0.3321703606773008,59418
-381,-1.905,0.33306704126056613,59419
-380,-1.9,0.3340530059094841,59420
-379,-1.895,0.3350243235339942,59421
-378,-1.89,0.3359560272658002,59422
-377,-1.885,0.3368861334844495,59423
-376,-1.88,0.33781298394947584,59424
-375,-1.875,0.33877634816036795,59425
-374,-1.87,0.339723189477955,59426
-373,-1.865,0.34050367925054836,59427
-372,-1.86,0.34128432983139095,59428
-371,-1.855,0.34199798696408085,59429
-370,-1.85,0.3427087688315157,59430
-369,-1.845,0.34343365006073545,59431
-368,-1.84,0.3441908372487944,59432
-367,-1.835,0.34495984065900503,59433
-366,-1.83,0.3457245199027069,59434
-365,-1.825,0.3464668271625144,59435
-364,-1.82,0.3472294008396794,59436
-363,-1.815,0.3479770275692343,59437
-362,-1.81,0.34872386916368747,59438
-361,-1.805,0.34947894607189395,59439
-360,-1.8,0.3502354349878459,59440
-359,-1.795,0.35097303763281146,59441
-358,-1.79,0.35166440648777086,59442
-357,-1.785,0.3523452000670546,59443
-356,-1.78,0.3530145229568313,59444
-355,-1.775,0.35359650059200654,59445
-354,-1.77,0.3541840870888018,59446
-353,-1.765,0.35477984010513497,59447
-352,-1.76,0.3553759633946017,59448
-351,-1.755,0.3560663395111437,59449
-350,-1.75,0.35677381941950465,59450
-349,-1.745,0.3574854607958141,59451
-348,-1.74,0.35823088048692464,59452
-347,-1.735,0.35898234232418597,59453
-346,-1.73,0.3597420916214132,59454
-345,-1.725,0.36058935427810196,59455
-344,-1.72,0.361437275656601,59456
-343,-1.715,0.3622643193197727,59457
-342,-1.71,0.3630919769023045,59458
-341,-1.705,0.36377777029204583,59459
-340,-1.7,0.36445988453954625,59460
-339,-1.695,0.3651462640230989,59461
-338,-1.69,0.36582563868687146,59462
-337,-1.685,0.36650555915367894,59463
-336,-1.68,0.36720473047723634,59464
-335,-1.675,0.3679073232563954,59465
-334,-1.67,0.36866039346166507,59466
-333,-1.665,0.3694135811329845,59467
-332,-1.66,0.37016695978966674,59468
-331,-1.655,0.370983365996024,59469
-330,-1.65,0.3718083824639178,59470
-329,-1.645,0.3726160210935385,59471
-328,-1.64,0.37342955315054194,59472
-327,-1.635,0.3742461231654444,59473
-326,-1.63,0.3750516602539302,59474
-325,-1.625,0.37588400475573114,59475
-324,-1.62,0.37668016539029353,59476
-323,-1.615,0.3775614228174452,59477
-322,-1.61,0.37844249764053,59478
-321,-1.605,0.3792896216100675,59479
-320,-1.6,0.3801264808574883,59480
-319,-1.595,0.38096193487880375,59481
-318,-1.59,0.38177307511258146,59482
-317,-1.585,0.38258030134459764,59483
-316,-1.58,0.38340642525585417,59484
-315,-1.575,0.3841721777660258,59485
-314,-1.57,0.3849603299172144,59486
-313,-1.565,0.385749921842685,59487
-312,-1.56,0.3865393163645035,59488
-311,-1.555,0.3873202221423907,59489
-310,-1.55,0.3881145929213861,59490
-309,-1.545,0.388908869364049,59491
-308,-1.54,0.38968707241586015,59492
-307,-1.535,0.3904676390010422,59493
-306,-1.53,0.3912491532246495,59494
-305,-1.525,0.3920428157013681,59495
-304,-1.52,0.3928025200152062,59496
-303,-1.515,0.39357447285613884,59497
-302,-1.51,0.39424744677959606,59498
-301,-1.505,0.394941751361874,59499
-300,-1.5,0.39562964800242406,59500
-299,-1.495,0.3963431811589386,59501
-298,-1.49,0.39707086343861847,59502
-297,-1.485,0.3977988077253941,59503
-296,-1.48,0.3985506466291081,59504
-295,-1.475,0.39929845156191734,59505
-294,-1.47,0.4000565578152277,59506
-293,-1.465,0.40070474537944284,59507
-292,-1.46,0.4013463312065027,59508
-291,-1.455,0.4019599124530196,59509
-290,-1.45,0.402573622865101,59510
-289,-1.445,0.4032937886863796,59511
-288,-1.44,0.40394640211366223,59512
-287,-1.435,0.4046047451507361,59513
-286,-1.43,0.4052624579273887,59514
-285,-1.425,0.4058808363551207,59515
-284,-1.42,0.4064565957611587,59516
-283,-1.415,0.4070285465255785,59517
-282,-1.41,0.4076032074216799,59518
-281,-1.405,0.40825577985987976,59519
-280,-1.4,0.4088933104385093,59520
-279,-1.395,0.4094573802789504,59521
-278,-1.39,0.41004384974843466,59522
-277,-1.385,0.4106293581393545,59523
-276,-1.38,0.411206050667603,59524
-275,-1.375,0.4118321688678845,59525
-274,-1.37,0.4124598151995304,59526
-273,-1.365,0.413141265557446,59527
-272,-1.36,0.41382198060899816,59528
-271,-1.355,0.4144297251483317,59529
-270,-1.35,0.41503751222088414,59530
-269,-1.345,0.4156157941492374,59531
-268,-1.34,0.4162050326681854,59532
-267,-1.335,0.4168050327303626,59533
-266,-1.33,0.4174820763762188,59534
-265,-1.325,0.4181120827881946,59535
-264,-1.32,0.41881697672867774,59536
-263,-1.315,0.41952293649972755,59537
-262,-1.31,0.4202408956207299,59538
-261,-1.305,0.42104362970407305,59539
-260,-1.3,0.4218433093011466,59540
-259,-1.295,0.4226584522857689,59541
-258,-1.29,0.42348192469500806,59542
-257,-1.285,0.42429021765885155,59543
-256,-1.28,0.42502407685270954,59544
-255,-1.275,0.425775977485816,59545
-254,-1.27,0.4264953162727269,59546
-253,-1.265,0.42737713686845297,59547
-252,-1.26,0.42825788457972536,59548
-251,-1.255,0.42905409233178,59549
-250,-1.25,0.42984177556547837,59550
-249,-1.245,0.4306252287522175,59551
-248,-1.24,0.43135960674588475,59552
-247,-1.235,0.43210242984420066,59553
-246,-1.23,0.43284367217803676,59554
-245,-1.225,0.43367046209584903,59555
-244,-1.22,0.43453684981249746,59556
-243,-1.215,0.43529443460578987,59557
-242,-1.21,0.4360508254827774,59558
-241,-1.205,0.4368998946237776,59559
-240,-1.2,0.4377650650522543,59560
-239,-1.195,0.4386178478758237,59561
-238,-1.19,0.43946400992934853,59562
-237,-1.185,0.44030057564158326,59563
-236,-1.18,0.44114427212459534,59564
-235,-1.175,0.4419301661902776,59565
-234,-1.17,0.44269077041195937,59566
-233,-1.165,0.44337712420121145,59567
-232,-1.16,0.44406962743371436,59568
-231,-1.155,0.4446993002067047,59569
-230,-1.15,0.4453111754735903,59570
-229,-1.145,0.4459270905967935,59571
-228,-1.14,0.4465384435387803,59572
-227,-1.135,0.44715763524945773,59573
-226,-1.13,0.44773814463989453,59574
-225,-1.125,0.44831618282932845,59575
-224,-1.12,0.4489017609698993,59576
-223,-1.115,0.4494928175783978,59577
-222,-1.11,0.45008006764554037,59578
-221,-1.105,0.4506475967459485,59579
-220,-1.1,0.45121094211160484,59580
-219,-1.095,0.45177817507979234,59581
-218,-1.09,0.45235578543679944,59582
-217,-1.085,0.4529235365371546,59583
-216,-1.08,0.4535043489839719,59584
-215,-1.075,0.45399118089870855,59585
-214,-1.07,0.45443393844118724,59586
-213,-1.065,0.45490190043636747,59587
-212,-1.06,0.45536690769896554,59588
-211,-1.055,0.45584915129994347,59589
-210,-1.05,0.456335360858381,59590
-209,-1.045,0.4568310587594248,59591
-208,-1.04,0.4573111866515819,59592
-207,-1.035,0.4578012466154392,59593
-206,-1.03,0.4582811781006278,59594
-205,-1.025,0.458723305649555,59595
-204,-1.02,0.45918089419414887,59596
-203,-1.015,0.45964372394433706,59597
-202,-1.01,0.4601221714130276,59598
-201,-1.005,0.46065527794141875,59599
-200,-1.0,0.4611918801236576,59600
-199,-0.995,0.46172302677604904,59601
-198,-0.99,0.4622683001721514,59602
-197,-0.985,0.46282569716579636,59603
-196,-0.98,0.46339825749261493,59604
-195,-0.975,0.46399393758501967,59605
-194,-0.97,0.4645457123219912,59606
-193,-0.965,0.4651054681031493,59607
-192,-0.96,0.46566623246748384,59608
-191,-0.955,0.4662353341157443,59609
-190,-0.95,0.4668062672813008,59610
-189,-0.945,0.4673866507143753,59611
-188,-0.94,0.46804961124734873,59612
-187,-0.935,0.46871339926773514,59613
-186,-0.93,0.46935934375222693,59614
-185,-0.925,0.4700660034713547,59615
-184,-0.92,0.47077196087314277,59616
-183,-0.915,0.4715210287087328,59617
-182,-0.91,0.47225949128773537,59618
-181,-0.905,0.4729074620472442,59619
-180,-0.9,0.4735504853010331,59620
-179,-0.895,0.4741951322120645,59621
-178,-0.89,0.4749296597090845,59622
-177,-0.885,0.47567047859305933,59623
-176,-0.88,0.47639881707959864,59624
-175,-0.875,0.47713117634873814,59625
-174,-0.87,0.47788942179303945,59626
-173,-0.865,0.47865745642016866,59627
-172,-0.86,0.4794386276511787,59628
-171,-0.855,0.4802106837705038,59629
-170,-0.85,0.4809825312758282,59630
-169,-0.845,0.48177312583499105,59631
-168,-0.84,0.4824423494961211,59632
-167,-0.835,0.48310760709512424,59633
-166,-0.83,0.48378292505766374,59634
-165,-0.825,0.48437575669589006,59635
-164,-0.82,0.48495576059449913,59636
-163,-0.815,0.4855219204683565,59637
-162,-0.81,0.4860839980115664,59638
-161,-0.805,0.4866683521958966,59639
-160,-0.8,0.4872481190967085,59640
-159,-0.795,0.4878873611936527,59641
-158,-0.79,0.4884789477989727,59642
-157,-0.785,0.4890705933362645,59643
-156,-0.78,0.48967562170873563,59644
-155,-0.775,0.49038923882878394,59645
-154,-0.77,0.4911103711877069,59646
-153,-0.765,0.491865163449154,59647
-152,-0.76,0.492620518647694,59648
-151,-0.755,0.4933714584513827,59649
-150,-0.75,0.49411921641212997,59650
-149,-0.745,0.4947691160423942,59651
-148,-0.74,0.49541840143504945,59652
-147,-0.735,0.4960530107740263,59653
-146,-0.73,0.49670883881143846,59654
-145,-0.725,0.49725479410484447,59655
-144,-0.72,0.4977859432205142,59656
-143,-0.715,0.4983059735349934,59657
-142,-0.71,0.49882060137878387,59658
-141,-0.705,0.4993571059264518,59659
-140,-0.7,0.49988964104534034,59660
-139,-0.695,0.5003831053928932,59661
-138,-0.69,0.5009704154536654,59662
-137,-0.685,0.5015625717275598,59663
-136,-0.68,0.502144998889957,59664
-135,-0.675,0.5027606175092867,59665
-134,-0.67,0.5033871593757967,59666
-133,-0.665,0.5040049116972944,59667
-132,-0.66,0.5046283605877837,59668
-131,-0.655,0.5052204232871136,59669
-130,-0.65,0.505808830824888,59670
-129,-0.645,0.5064146514213688,59671
-128,-0.64,0.5069096107263935,59672
-127,-0.635,0.507388299023433,59673
-126,-0.63,0.5078803474062882,59674
-125,-0.625,0.5083888307973662,59675
-124,-0.62,0.5088891745428032,59676
-123,-0.615,0.5093628308806598,59677
-122,-0.61,0.509827109579594,59678
-121,-0.605,0.5103110307165214,59679
-120,-0.6,0.5108080821068757,59680
-119,-0.595,0.5113186231654433,59681
-118,-0.59,0.5118933299125814,59682
-117,-0.585,0.5124651090965665,59683
-116,-0.58,0.5130354423894705,59684
-115,-0.575,0.5135724974059765,59685
-114,-0.57,0.5141561262922769,59686
-113,-0.565,0.5147725987310673,59687
-112,-0.56,0.5153910056833106,59688
-111,-0.555,0.5160864319193011,59689
-110,-0.55,0.5167852954499911,59690
-109,-0.545,0.517488860679481,59691
-108,-0.54,0.5181135692252014,59692
-107,-0.535,0.5187376575031503,59693
-106,-0.53,0.5194291072778529,59694
-105,-0.525,0.520167177772098,59695
-104,-0.52,0.5209053755506275,59696
-103,-0.515,0.521628377486663,59697
-102,-0.51,0.5223411615752567,59698
-101,-0.505,0.5229399557006771,59699
-100,-0.5,0.5235323597631991,59700
-99,-0.495,0.5241304908228103,59701
-98,-0.49,0.5247148528766612,59702
-97,-0.485,0.5252938648816472,59703
-96,-0.48,0.5257867960735622,59704
-95,-0.475,0.5261711785747034,59705
-94,-0.47,0.5265326079703706,59706
-93,-0.465,0.5268780123773626,59707
-92,-0.46,0.5272296033109551,59708
-91,-0.455,0.5275808539592687,59709
-90,-0.45,0.5279250163169207,59710
-89,-0.445,0.528252029762581,59711
-88,-0.44,0.5285691080172547,59712
-87,-0.435,0.5288860341495762,59713
-86,-0.43,0.5291780917235748,59714
-85,-0.425,0.5294926074345575,59715
-84,-0.42,0.5297474336088834,59716
-83,-0.415,0.5299896621534503,59717
-82,-0.41,0.5302291833657639,59718
-81,-0.405,0.5304425016751005,59719
-80,-0.4,0.5306531058449816,59720
-79,-0.395,0.530829367242751,59721
-78,-0.39,0.5310284876197693,59722
-77,-0.385,0.531222316883765,59723
-76,-0.38,0.5314032381217852,59724
-75,-0.375,0.5316434698907286,59725
-74,-0.37,0.5318811731920772,59726
-73,-0.365,0.5320870921528383,59727
-72,-0.36,0.5322853542163021,59728
-71,-0.355,0.5324823041128725,59729
-70,-0.35,0.5326830941221159,59730
-69,-0.345,0.5328856037496389,59731
-68,-0.34,0.5331246775451398,59732
-67,-0.335,0.5333656627469548,59733
-66,-0.33,0.5336071155540293,59734
-65,-0.325,0.5338357458607478,59735
-64,-0.32,0.5340556199470307,59736
-63,-0.315,0.5342688520471652,59737
-62,-0.31,0.5344920606934574,59738
-61,-0.305,0.5346205428344056,59739
-60,-0.3,0.5347498106126668,59740
-59,-0.295,0.5348776712546094,59741
-58,-0.29,0.5349963251565327,59742
-57,-0.285,0.5351138889577872,59743
-56,-0.28,0.5352258380106081,59744
-55,-0.275,0.535327615422223,59745
-54,-0.27,0.5354331062948905,59746
-53,-0.265,0.5355301601616005,59747
-52,-0.26,0.5356348624908533,59748
-51,-0.255,0.535829826270695,59749
-50,-0.25,0.5360306271408624,59750
-49,-0.245,0.5362321589340653,59751
-48,-0.24,0.5363500261984122,59752
-47,-0.235,0.5364799138837941,59753
-46,-0.23,0.5366188676895256,59754
-45,-0.225,0.5367472569997684,59755
-44,-0.22,0.536881098983191,59756
-43,-0.215,0.5369528295523209,59757
-42,-0.21,0.5370065891294795,59758
-41,-0.205,0.537055529907575,59759
-40,-0.2,0.5371064401804101,59760
-39,-0.195,0.5371701713579522,59761
-38,-0.19,0.5372711072837366,59762
-37,-0.185,0.5373631077892759,59763
-36,-0.18,0.5374670398668128,59764
-35,-0.175,0.5376001173248173,59765
-34,-0.17,0.5377170949249855,59766
-33,-0.165,0.5379523370670716,59767
-32,-0.16,0.5381870589555853,59768
-31,-0.155,0.538389544804015,59769
-30,-0.15,0.5385862782698527,59770
-29,-0.145,0.5387979348940409,59771
-28,-0.14,0.5390662451858702,59772
-27,-0.135,0.5393383540466978,59773
-26,-0.13,0.5396151687346549,59774
-25,-0.125,0.53988469904508,59775
-24,-0.12,0.5401332676247715,59776
-23,-0.115,0.5403711093797848,59777
-22,-0.11,0.5405989450794415,59778
-21,-0.105,0.5408168892777864,59779
-20,-0.1,0.5410412582745645,59780
-19,-0.095,0.5412643624825996,59781
-18,-0.09,0.5413659097814832,59782
-17,-0.085,0.5414617660797499,59783
-16,-0.08,0.5415562736262325,59784
-15,-0.075,0.5415922399129919,59785
-14,-0.07,0.5416292868326856,59786
-13,-0.065,0.5416628826320641,59787
-12,-0.06,0.5417041672547007,59788
-11,-0.055,0.5416983590719643,59789
-10,-0.05,0.5416794629045343,59790
-9,-0.045,0.5416442955208464,59791
-8,-0.04,0.5416276986962467,59792
-7,-0.035,0.5416136293449698,59793
-6,-0.03,0.5415925767812579,59794
-5,-0.025,0.5414867900702194,59795
-4,-0.02,0.5413918498886785,59796
-3,-0.015,0.5411517328703024,59797
-2,-0.01,0.5409021621297252,59798
-1,-0.005,0.5406113306296962,59799
0,0.0,0.5403277226152866,59800
1,0.005,0.54002952826023,59800
2,0.01,0.5397261901187521,59800
3,0.015,0.5394242628558752,59800
4,0.02,0.5391353564743435,59800
5,0.025,0.538911207488403,59800
6,0.03,0.5386683010195265,59800
7,0.035,0.5384012820816083,59800
8,0.04,0.5381163278814171,59800
9,0.045,0.5378342677548135,59800
10,0.05,0.5375556209104058,59800
11,0.055,0.5372864088021074,59800
12,0.06,0.5369834350942544,59800
13,0.065,0.5366759428436086,59800
14,0.07,0.5363774602776774,59800
15,0.075,0.5360986913555315,59800
16,0.08,0.5358274136941545,59800
17,0.085,0.5355888004814106,59800
18,0.09,0.535356495284897,59800
19,0.095,0.5350833803675106,59800
20,0.1,0.53480433043797,59800
21,0.105,0.534523198584969,59800
22,0.11,0.5342650535843102,59800
23,0.115,0.5340083310226348,59800
24,0.12,0.5338105683607232,59800
25,0.125,0.5336323802314699,59800
26,0.13,0.5334325911441238,59800
27,0.135,0.5332558788630243,59800
28,0.14,0.5330777109362812,59800
29,0.145,0.5328872702047219,59800
30,0.15,0.5326967860065354,59800
31,0.155,0.5324995509137747,59800
32,0.16,0.532303632424647,59800
33,0.165,0.5321024509102577,59800
34,0.17,0.5318929077466036,59800
35,0.175,0.5315039252189558,59800
36,0.18,0.5311146465243513,59800
37,0.185,0.5306811755195436,59800
38,0.19,0.5302712717924671,59800
39,0.195,0.529881460398728,59800
40,0.2,0.5294978760473468,59800
41,0.205,0.5290919207846765,59800
42,0.21,0.528654129074228,59800
43,0.215,0.5282081211523653,59800
44,0.22,0.5277552410850284,59800
45,0.225,0.5273345494222788,59800
46,0.23,0.5269120129518969,59800
47,0.235,0.5265034000147037,59800
48,0.24,0.526077414147451,59800
49,0.245,0.5256274878447982,59800
50,0.25,0.5251681939258811,59800
51,0.255,0.5247396128347438,59800
52,0.26,0.5243288763249718,59800
53,0.265,0.5239175048696559,59800
54,0.27,0.5235062390436206,59800
55,0.275,0.5230913266081713,59800
56,0.28,0.5226960174783422,59800
57,0.285,0.5222585576796237,59800
58,0.29,0.5218093560037923,59800
59,0.295,0.5213369390582353,59800
60,0.3,0.520866589629179,59800
61,0.305,0.5204152570185767,59800
62,0.31,0.5199455858071415,59800
63,0.315,0.5194707429117992,59800
64,0.32,0.5189962948242435,59800
65,0.325,0.5185210352674869,59800
66,0.33,0.5180458651526599,59800
67,0.335,0.5175795656293396,59800
68,0.34,0.517117529572921,59800
69,0.345,0.5166677579198184,59800
70,0.35,0.5162296906161046,59800
71,0.355,0.515776952337521,59800
72,0.36,0.5152574378970488,59800
73,0.365,0.5147245794425823,59800
74,0.37,0.5142142060351396,59800
75,0.375,0.5136877348211035,59800
76,0.38,0.5131485117375563,59800
77,0.385,0.5126065550588006,59800
78,0.39,0.5120648997589013,59800
79,0.395,0.5115212060584862,59800
80,0.4,0.510977374268333,59800
81,0.405,0.5104218962174076,59800
82,0.41,0.5098696515331909,59800
83,0.415,0.5092940020923997,59800
84,0.42,0.5086278454544135,59800
85,0.425,0.5079636655496256,59800
86,0.43,0.507288529853234,59800
87,0.435,0.5066376783932987,59800
88,0.44,0.5060060165022229,59800
89,0.445,0.505371239938026,59800
90,0.45,0.5047269083749306,59800
91,0.455,0.5040759715944597,59800
92,0.46,0.5034003096894895,59800
93,0.465,0.5027096354199928,59800
94,0.47,0.5020102107910599,59800
95,0.475,0.5012951737687117,59800
96,0.48,0.5005609650966081,59800
97,0.485,0.4998126355866175,59800
98,0.49,0.4990585665465424,59800
99,0.495,0.49823342098864065,59800
100,0.5,0.49732785630915805,59800
101,0.505,0.49641166831425404,59800
102,0.51,0.49552375488691974,59800
103,0.515,0.49462896147450364,59800
104,0.52,0.49364245710937904,59800
105,0.525,0.49262471600794094,59800
106,0.53,0.4916262983464313,59800
107,0.535,0.490511068470354,59800
108,0.54,0.4893918210389238,59800
109,0.545,0.48819385866697357,59800
110,0.55,0.48708429271515996,59800
111,0.555,0.48596977803917535,59800
112,0.56,0.4848375603273904,59800
113,0.565,0.48370119812003753,59800
114,0.57,0.48257655698059765,59800
115,0.575,0.48145497580981306,59800
116,0.58,0.4803333356134989,59800
117,0.585,0.47926667332205825,59800
118,0.59,0.4781972271697617,59800
119,0.595,0.47719837927951575,59800
120,0.6,0.4762115894310604,59800
121,0.605,0.4751399966225387,59800
122,0.61,0.4740964644773982,59800
123,0.615,0.4730525390399157,59800
124,0.62,0.47201480717830313,59800
125,0.625,0.4709808276539401,59800
126,0.63,0.4699301296052085,59800
127,0.635,0.4689546607448232,59800
128,0.64,0.4679710650995939,59800
129,0.645,0.46703513097996824,59800
130,0.65,0.4660992187830867,59800
131,0.655,0.4652540000268912,59800
132,0.66,0.4643880754563416,59800
133,0.665,0.4635217986640369,59800
134,0.67,0.46273779752131955,59800
135,0.675,0.46197065195340026,59800
136,0.68,0.4611886599493013,59800
137,0.685,0.46040037076235046,59800
138,0.69,0.4596182392247457,59800
139,0.695,0.4588579990985562,59800
140,0.7,0.4580880271375068,59800
141,0.705,0.45731393830830835,59800
142,0.71,0.4564819994771506,59800
143,0.715,0.4556506606070454,59800
144,0.72,0.4548908172264656,59800
145,0.725,0.4540421127270558,59800
146,0.73,0.4532230867877611,59800
147,0.735,0.45240160066807206,59800
148,0.74,0.45159075176902924,59800
149,0.745,0.450712228333801,59800
150,0.75,0.4498327400623173,59800
151,0.755,0.4489409801021221,59800
152,0.76,0.44810923102276007,59800
153,0.765,0.44727660817971093,59800
154,0.77,0.4464429361564623,59800
155,0.775,0.4455023056251743,59800
156,0.78,0.44443814042748303,59800
157,0.785,0.44333384433578926,59800
158,0.79,0.44224128131524865,59800
159,0.795,0.44110244160740697,59800
160,0.8,0.43995997923007496,59800
161,0.805,0.43884322668194453,59800
162,0.81,0.43771832273068056,59800
163,0.815,0.43659413611956227,59800
164,0.82,0.4354611444087038,59800
165,0.825,0.4343831119041335,59800
166,0.83,0.43339035927019226,59800
167,0.835,0.43243592119863805,59800
168,0.84,0.43147302985615843,59800
169,0.845,0.43046922085068096,59800
170,0.85,0.4294608166905603,59800
171,0.855,0.4284326660460559,59800
172,0.86,0.42732181831766847,59800
173,0.865,0.4262102592917134,59800
174,0.87,0.42511299978783423,59800
175,0.875,0.4240021704546874,59800
176,0.88,0.42288558456574693,59800
177,0.885,0.421775372932286,59800
178,0.89,0.4206453545038558,59800
179,0.895,0.419514561894601,59800
180,0.9,0.4183023612928714,59800
181,0.905,0.41702558747962454,59800
182,0.91,0.41582628302819463,59800
183,0.915,0.4146273042014492,59800
184,0.92,0.41332768952664295,59800
185,0.925,0.41208897816550416,59800
186,0.93,0.4108496898796014,59800
187,0.935,0.40964341474298294,59800
188,0.94,0.408447041764871,59800
189,0.945,0.40725502402123415,59800
190,0.95,0.4061451729547112,59800
191,0.955,0.4049477060191179,59800
192,0.96,0.4037046986295048,59800
193,0.965,0.40246175433817793,59800
194,0.97,0.40122318398247137,59800
195,0.975,0.4000674029031598,59800
196,0.98,0.3989130288306426,59800
197,0.985,0.3977706897764266,59800
198,0.99,0.39663062333566,59800
199,0.995,0.39548206591449275,59800
200,1.0,0.3943369485005857,59800
201,1.005,0.3932740343882136,59799
202,1.01,0.39219321835252036,59798
203,1.015,0.39111268274070127,59797
204,1.02,0.39000896437206223,59796
205,1.025,0.3889507493556825,59795
206,1.03,0.38791162000556817,59794
207,1.035,0.38687673258570304,59793
208,1.04,0.3858633103736965,59792
209,1.045,0.38497163376012633,59791
210,1.05,0.38408638070296713,59790
211,1.055,0.3832004451640545,59789
212,1.06,0.38240135568079625,59788
213,1.065,0.3816027865333304,59787
214,1.07,0.38080549403137076,59786
215,1.075,0.3800041486977712,59785
216,1.08,0.3792194185222932,59784
217,1.085,0.3784328306318225,59783
218,1.09,0.3776344205100144,59782
219,1.095,0.37679942692649987,59781
220,1.1,0.37597435041101956,59780
221,1.105,0.3750577046825424,59779
222,1.11,0.3741315248979288,59778
223,1.115,0.37320554893350383,59777
224,1.12,0.3722170005077082,59776
225,1.125,0.37125527783986517,59775
226,1.13,0.37029126198484597,59774
227,1.135,0.3693129965308092,59773
228,1.14,0.3683146724754464,59772
229,1.145,0.3673095566137431,59771
230,1.15,0.3662911768476629,59770
231,1.155,0.36545427036868033,59769
232,1.16,0.3646297546596862,59768
233,1.165,0.3638056951908097,59767
234,1.17,0.3629723152190074,59766
235,1.175,0.3621157770297288,59765
236,1.18,0.36127589918024205,59764
237,1.185,0.3604350267695348,59763
238,1.19,0.3596024769172875,59762
239,1.195,0.35875920433022307,59761
240,1.2,0.35792045375139614,59760
241,1.205,0.35707103907414983,59759
242,1.21,0.3563230571797772,59758
243,1.215,0.35557374891090465,59757
244,1.22,0.3549088523716151,59756
245,1.225,0.35425391034791226,59755
246,1.23,0.35360901088798746,59754
247,1.235,0.3529498886429964,59753
248,1.24,0.3522857339466546,59752
249,1.245,0.35160852209512694,59751
250,1.25,0.3509268287504773,59750
251,1.255,0.35024771813574074,59749
252,1.26,0.34952518723420845,59748
253,1.265,0.34880312057584456,59747
254,1.27,0.348096064074264,59746
255,1.275,0.3472870386061323,59745
256,1.28,0.3464460859343697,59744
257,1.285,0.3455753720390134,59743
258,1.29,0.3447297315452574,59742
259,1.295,0.3439477210705916,59741
260,1.3,0.34316240937958536,59740
261,1.305,0.34230322687280884,59739
262,1.31,0.3413812180332803,59738
263,1.315,0.34045833178779866,59737
264,1.32,0.33955110848581327,59736
265,1.325,0.33873192046286976,59735
266,1.33,0.33790373518650685,59734
267,1.335,0.33706501755410245,59733
268,1.34,0.33622014698761565,59732
269,1.345,0.3353796768922922,59731
270,1.35,0.33453235673952675,59730
271,1.355,0.33364918519042674,59729
272,1.36,0.3328300839313171,59728
273,1.365,0.3320860024052238,59727
274,1.37,0.33134367935699505,59726
275,1.375,0.33061198968317423,59725
276,1.38,0.3298497182572223,59724
277,1.385,0.3290469996098209,59723
278,1.39,0.328243101130779,59722
279,1.395,0.32743581362246243,59721
280,1.4,0.3266268107192642,59720
281,1.405,0.325826987707724,59719
282,1.41,0.3249802404024951,59718
283,1.415,0.32413480985405363,59717
284,1.42,0.32328294316033207,59716
285,1.425,0.32238178196132655,59715
286,1.43,0.3214859648189886,59714
287,1.435,0.3205903146819134,59713
288,1.44,0.3196956737795887,59712
289,1.445,0.31869214469793145,59711
290,1.45,0.3176831462864014,59710
291,1.455,0.3165777092971331,59709
292,1.46,0.3155284868856049,59708
293,1.465,0.31448199479274913,59707
294,1.47,0.3134167683689842,59706
295,1.475,0.312427323575694,59705
296,1.48,0.31145209464068513,59704
297,1.485,0.3104779739965252,59703
298,1.49,0.30950628871414365,59702
299,1.495,0.3086619763221639,59701
300,1.5,0.30781938039804413,59700
301,1.505,0.30709062173241575,59699
302,1.51,0.30618401702305537,59698
303,1.515,0.3052847979414855,59697
304,1.52,0.3043818641474961,59696
305,1.525,0.30337063912899526,59695
306,1.53,0.30236842853641543,59694
307,1.535,0.30135180819032675,59693
308,1.54,0.3003320017162271,59692
309,1.545,0.2992961310073716,59691
310,1.55,0.29826518806663266,59690
311,1.555,0.29721062578057506,59689
312,1.56,0.2962163868715329,59688
313,1.565,0.2951350211250745,59687
314,1.57,0.2939846228161173,59686
315,1.575,0.29292732170328634,59685
316,1.58,0.2918927857941443,59684
317,1.585,0.29093012780314054,59683
318,1.59,0.2899564092657312,59682
319,1.595,0.2889608694697522,59681
320,1.6,0.287969968391869,59680
321,1.605,0.28708456079756783,59679
322,1.61,0.2861346005983545,59678
323,1.615,0.285184297687781,59677
324,1.62,0.2842446908816965,59676
325,1.625,0.28323182264809427,59675
326,1.63,0.28219580840355274,59674
327,1.635,0.28110906082396775,59673
328,1.64,0.28004393500673047,59672
329,1.645,0.27896448314052574,59671
330,1.65,0.2778842269961634,59670
331,1.655,0.2766976457242628,59669
332,1.66,0.2756833218158185,59668
333,1.665,0.27467044405689556,59667
334,1.67,0.27365174139638687,59666
335,1.675,0.27263690538113494,59665
336,1.68,0.2716221835106038,59664
337,1.685,0.27059782817159245,59663
338,1.69,0.26957725655189796,59662
339,1.695,0.26858970536657406,59661
340,1.7,0.26759463662674016,59660
341,1.705,0.2665942665045867,59659
342,1.71,0.2654854006320732,59658
343,1.715,0.2643758405427389,59657
344,1.72,0.2632647906837074,59656
345,1.725,0.26226352573770484,59655
346,1.73,0.2612692910850536,59654
347,1.735,0.2602965035763994,59653
348,1.74,0.25931429265134665,59652
349,1.745,0.2583333934172426,59651
350,1.75,0.2573534584024714,59650
351,1.755,0.25650763040501123,59649
352,1.76,0.255748090525418,59648
353,1.765,0.2550706814835434,59647
354,1.77,0.25448477723140706,59646
355,1.775,0.2539206124069157,59645
356,1.78,0.25335708934340356,59644
357,1.785,0.2527956733443839,59643
358,1.79,0.2522232017180595,59642
359,1.795,0.25164749242481305,59641
360,1.8,0.2510771855666985,59640
361,1.805,0.25051272753094916,59639
362,1.81,0.24990705017992465,59638
363,1.815,0.24921991662268025,59637
364,1.82,0.24854004702830812,59636
365,1.825,0.24787918368774017,59635
366,1.83,0.24722921997217662,59634
367,1.835,0.24665285543632862,59633
368,1.84,0.24609181656413487,59632
369,1.845,0.2454661896543532,59631
370,1.85,0.2448453312569652,59630
371,1.855,0.24422223263799364,59629
372,1.86,0.24360480287483266,59628
373,1.865,0.24307559442198376,59627
374,1.87,0.24243298605672642,59626
375,1.875,0.2416872793437231,59625
376,1.88,0.24095027972524485,59624
377,1.885,0.24018366682658784,59623
378,1.89,0.23940919906805355,59622
379,1.895,0.2386956867656198,59621
380,1.9,0.23798297269947635,59620
381,1.905,0.23727615982655326,59619
382,1.91,0.23654055849484718,59618
383,1.915,0.2358005237218055,59617
384,1.92,0.23504255566577317,59616
385,1.925,0.2342742299199615,59615
386,1.93,0.23348782380569233,59614
387,1.935,0.23269435038023942,59613
388,1.94,0.23188682083207432,59612
389,1.945,0.23097602995824534,59611
390,1.95,0.2300717953541088,59610
391,1.955,0.22915853298144503,59609
392,1.96,0.22824711278488594,59608
393,1.965,0.22733009405235127,59607
394,1.97,0.22650224905052455,59606
395,1.975,0.22568660915954342,59605
396,1.98,0.2248456889829522,59604
397,1.985,0.2240274528288976,59603
398,1.99,0.2232124493137358,59602
399,1.995,0.2224419763915931,59601
400,2.0,0.22166865152494722,59600
401,2.005,0.2208942336441389,59599
402,2.01,0.22016133867840668,59598
403,2.015,0.21945390065546738,59597
404,2.02,0.21873995621520312,59596
405,2.025,0.21802258779699504,59595
406,2.03,0.21730555312761315,59594
407,2.035,0.2166123642570497,59593
408,2.04,0.21591504498091948,59592
409,2.045,0.21520441327383805,59591
410,2.05,0.21449339698812073,59590
411,2.055,0.21367965615671752,59589
412,2.06,0.21288526663238225,59588
413,2.065,0.2120836900353277,59587
414,2.07,0.2112079044434054,59586
415,2.075,0.2103270600063337,59585
416,2.08,0.209455248714814,59584
417,2.085,0.20857557866356052,59583
418,2.09,0.20770645154626685,59582
419,2.095,0.2068568092663816,59581
420,2.1,0.20599384348762545,59580
421,2.105,0.2052310673937103,59579
422,2.11,0.20444702571504142,59578
423,2.115,0.2036570630320012,59577
424,2.12,0.20286521937537585,59576
425,2.125,0.20198264832976764,59575
426,2.13,0.20109482512166763,59574
427,2.135,0.20021179724955077,59573
428,2.14,0.19933566809432024,59572
429,2.145,0.19842357407045524,59571
430,2.15,0.19750923078481014,59570
431,2.155,0.1965859875050813,59569
432,2.16,0.19566110837565284,59568
433,2.165,0.19472490980423163,59567
434,2.17,0.19390064674464727,59566
435,2.175,0.19306385129307993,59565
436,2.18,0.19220954925096032,59564
437,2.185,0.1912639021814498,59563
438,2.19,0.19034005895713285,59562
439,2.195,0.18941785550851983,59561
440,2.2,0.18850119825508035,59560
441,2.205,0.18749990811159653,59559
442,2.21,0.1864700245360399,59558
443,2.215,0.18544581526770143,59557
444,2.22,0.18440595591822742,59556
445,2.225,0.18334113965536789,59555
446,2.23,0.18228879857508984,59554
447,2.235,0.1813491178051823,59553
448,2.24,0.1804089733189102,59552
449,2.245,0.17946792947353574,59551
450,2.25,0.17853463800341576,59550
451,2.255,0.17761594449622248,59549
452,2.26,0.17669359494767006,59548
453,2.265,0.17576399521051395,59547
454,2.27,0.17480568483686948,59546
455,2.275,0.17388035903007168,59545
456,2.28,0.1729480930543019,59544
457,2.285,0.17203179470753782,59543
458,2.29,0.17110498972170213,59542
459,2.295,0.17025116230569057,59541
460,2.3,0.16930848782632846,59540
461,2.305,0.1684379657011703,59539
462,2.31,0.1674994840184561,59538
463,2.315,0.16656709757539379,59537
464,2.32,0.1656379926611806,59536
465,2.325,0.16469730166199895,59535
466,2.33,0.16376353145805989,59534
467,2.335,0.16280415397428308,59533
468,2.34,0.16183012908930328,59532
469,2.345,0.16086813608073897,59531
470,2.35,0.15990583504743308,59530
471,2.355,0.15896224678338428,59529
472,2.36,0.15809838178768995,59528
473,2.365,0.157238663649,59527
474,2.37,0.15637011564828313,59526
475,2.375,0.15556616600703874,59525
476,2.38,0.15475208295922646,59524
477,2.385,0.15387860923012203,59523
478,2.39,0.15301671944139253,59522
479,2.395,0.15207433119961672,59521
480,2.4,0.15113149351868788,59520
481,2.405,0.15018511104650656,59519
482,2.41,0.14921055209761216,59518
483,2.415,0.14823385595590446,59517
484,2.42,0.1472856633333114,59516
485,2.425,0.1463515617752264,59515
486,2.43,0.14551445727430692,59514
487,2.435,0.1447490895892087,59513
488,2.44,0.1439975772917544,59512
489,2.445,0.14322982601276754,59511
490,2.45,0.14254795483897229,59510
491,2.455,0.14187231972789283,59509
492,2.46,0.14113061846971112,59508
493,2.465,0.1403923918405535,59507
494,2.47,0.1396625815265263,59506
495,2.475,0.13901684872003495,59505
496,2.48,0.13835650663581675,59504
497,2.485,0.1376281219466014,59503
498,2.49,0.136902199104918,59502
499,2.495,0.13628538673239696,59501
500,2.5,0.13568046727471747,59500
501,2.505,0.13504383455629482,59499
502,2.51,0.13448657730455804,59498
503,2.515,0.1339336832072106,59497
504,2.52,0.13340060472595486,59496
505,2.525,0.1328693621129897,59495
506,2.53,0.1323529299757803,59494
507,2.535,0.13180189109482068,59493
508,2.54,0.13120974593406085,59492
509,2.545,0.13061460796477625,59491
510,2.55,0.1300124067118776,59490
511,2.555,0.12935531909518733,59489
512,2.56,0.12868692437951326,59488
513,2.565,0.12792543850707205,59487
514,2.57,0.12716722470925182,59486
515,2.575,0.12643076327170252,59485
516,2.58,0.12569821314369772,59484
517,2.585,0.1249963065152026,59483
518,2.59,0.12430017173188063,59482
519,2.595,0.12361456624949377,59481
520,2.6,0.12293245584073773,59480
521,2.605,0.122335897685362,59479
522,2.61,0.12175286249356375,59478
523,2.615,0.12125508910977562,59477
524,2.62,0.12076897255344061,59476
525,2.625,0.1202341135770565,59475
526,2.63,0.11960532731870326,59474
527,2.635,0.11904391191073006,59473
528,2.64,0.11847841322544082,59472
529,2.645,0.11800203858413091,59471
530,2.65,0.11751864304320823,59470
531,2.655,0.11702818255657511,59469
532,2.66,0.11653458174248045,59468
533,2.665,0.11604002850588986,59467
534,2.67,0.11552058013377987,59466
535,2.675,0.1149508063276409,59465
536,2.68,0.11448520175842367,59464
537,2.685,0.11400343354491313,59463
538,2.69,0.1135400324438296,59462
539,2.695,0.11291576233594322,59461
540,2.7,0.11229025917520752,59460
541,2.705,0.11168638810148321,59459
542,2.71,0.11107493237744671,59458
543,2.715,0.11046576308173942,59457
544,2.72,0.10983261789569049,59456
545,2.725,0.10928951274714312,59455
546,2.73,0.10872444687342678,59454
547,2.735,0.10814817992031564,59453
548,2.74,0.10756468161121725,59452
549,2.745,0.10703852274299383,59451
550,2.75,0.10650579996848297,59450
551,2.755,0.10595350254393937,59449
552,2.76,0.1054389737496899,59448
553,2.765,0.1049242821119377,59447
554,2.77,0.1044178032608704,59446
555,2.775,0.10375892982210443,59445
556,2.78,0.10311429068958151,59444
557,2.785,0.10247134495263216,59443
558,2.79,0.101824697251923,59442
559,2.795,0.10116635598823313,59441
560,2.8,0.10052401016258296,59440
561,2.805,0.09987752438348675,59439
562,2.81,0.0991853519444311,59438
563,2.815,0.09848719923527598,59437
564,2.82,0.09777299574614162,59436
565,2.825,0.0970636320813791,59435
566,2.83,0.09634134843466405,59434
567,2.835,0.09552265982252472,59433
568,2.84,0.09470882885537406,59432
569,2.845,0.09386920521547439,59431
570,2.85,0.0930201745443058,59430
571,2.855,0.09214966352626897,59429
572,2.86,0.09137301957330593,59428
573,2.865,0.09061088391869199,59427
574,2.87,0.0898736420904216,59426
575,2.875,0.08911677906194254,59425
576,2.88,0.08830647439909547,59424
577,2.885,0.08759903574087319,59423
578,2.89,0.08687394347472012,59422
579,2.895,0.08617897079931322,59421
580,2.9,0.08549451890362297,59420
581,2.905,0.08480691931883981,59419
582,2.91,0.08413986819676796,59418
583,2.915,0.08346657919042386,59417
584,2.92,0.08278477752216927,59416
585,2.925,0.08211900179270526,59415
586,2.93,0.081441079385498,59414
587,2.935,0.08077915408197382,59413
588,2.94,0.08011976229418283,59412
589,2.945,0.07946826436436556,59411
590,2.95,0.07881308040765025,59410
591,2.955,0.07808144030428908,59409
592,2.96,0.07731550700264445,59408
593,2.965,0.07653976670078601,59407
594,2.97,0.07575168289189693,59406
595,2.975,0.07500129170675703,59405
596,2.98,0.07425896351755627,59404
597,2.985,0.07353079002004861,59403
598,2.99,0.07279418050533631,59402
599,2.995,0.07216039342019202,59401
600,3.0,0.07152613027934591,59400
601,3.005,0.070888541138839,59399
602,3.01,0.07026345900785158,59398
603,3.015,0.0696370941535002,59397
604,3.02,0.06900729974573516,59396
605,3.025,0.06832778353221883,59395
606,3.03,0.0676480392616478,59394
607,3.035,0.06698289043607628,59393
608,3.04,0.06632678760663165,59392
609,3.045,0.06558322948349493,59391
610,3.05,0.06484219582921173,59390
611,3.055,0.06408130248707919,59389
612,3.06,0.06330141409098751,59388
613,3.065,0.06252954877773641,59387
614,3.07,0.061753743915131665,59386
615,3.075,0.06099185960787322,59385
616,3.08,0.06024707861984097,59384
617,3.085,0.059551494820681096,59383
618,3.09,0.058846349234969716,59382
619,3.095,0.05805590730479039,59381
620,3.1,0.0572574798796151,59380
621,3.105,0.056491473522002816,59379
622,3.11,0.055740998640119305,59378
623,3.115,0.054980349055345025,59377
624,3.12,0.05422694295279366,59376
625,3.125,0.053366530182547084,59375
626,3.13,0.05258351132767666,59374
627,3.135,0.05182066063484438,59373
628,3.14,0.05106713208426825,59372
629,3.145,0.050311569803270055,59371
630,3.15,0.04955257789683731,59370
631,3.155,0.04878289281609314,59369
632,3.16,0.04782680596424425,59368
633,3.165,0.046882048464516095,59367
634,3.17,0.04593797074427899,59366
635,3.175,0.04506807688486993,59365
636,3.18,0.044125593137840896,59364
637,3.185,0.04319294268740899,59363
638,3.19,0.0422572967979157,59362
639,3.195,0.041370922626253186,59361
640,3.2,0.04047950290751732,59360
641,3.205,0.039591886271272886,59359
642,3.21,0.03880744685126361,59358
643,3.215,0.03801223174593387,59357
644,3.22,0.03722573548007571,59356
645,3.225,0.03650570651262829,59355
646,3.23,0.03573188477384247,59354
647,3.235,0.034948347664579126,59353
648,3.24,0.034188856442907034,59352
649,3.245,0.033436697379815396,59351
650,3.25,0.0326843743688163,59350
651,3.255,0.031921211275712257,59349
652,3.26,0.031162300235756602,59348
653,3.265,0.030403058096000066,59347
654,3.27,0.029647311718874414,59346
655,3.275,0.028929737389114793,59345
656,3.28,0.028205974708625292,59344
657,3.285,0.02752491187386787,59343
658,3.29,0.026831978225020543,59342
659,3.295,0.026124103142478365,59341
660,3.3,0.025413365174045195,59340
661,3.305,0.024729416167803973,59339
662,3.31,0.024183578946001566,59338
663,3.315,0.023638029441747747,59337
664,3.32,0.023111294199054912,59336
665,3.325,0.022620008424093608,59335
666,3.33,0.022109465694728297,59334
667,3.335,0.02157549646073394,59333
668,3.34,0.02104581937810888,59332
669,3.345,0.020532805933476943,59331
670,3.35,0.0200107940005702,59330
671,3.355,0.01947005112697191,59329
672,3.36,0.01891492507717969,59328
673,3.365,0.018357617952693084,59327
674,3.37,0.01780037646618648,59326
675,3.375,0.01711777076528906,59325
676,3.38,0.0164720504408301,59324
677,3.385,0.015817237430001158,59323
678,3.39,0.015162262190960023,59322
679,3.395,0.014587927466028822,59321
680,3.4,0.014013210587337689,59320
681,3.405,0.013421286155301968,59319
682,3.41,0.012759297743766116,59318
683,3.415,0.012106228246486736,59317
684,3.42,0.011438432735923876,59316
685,3.425,0.010922049495684915,59315
686,3.43,0.010460606894716484,59314
687,3.435,0.00998939630691991,59313
688,3.44,0.009511280603041955,59312
689,3.445,0.009051487109776012,59311
690,3.45,0.008598280929059754,59310
691,3.455,0.008146469319334809,59309
692,3.46,0.007780056429279128,59308
693,3.465,0.007408955771808705,59307
694,3.47,0.007024682713092034,59306
695,3.475,0.006623991388841731,59305
696,3.48,0.00606993000924704,59304
697,3.485,0.005489763038973156,59303
698,3.49,0.004911234421494016,59302
699,3.495,0.004251195992085327,59301
700,3.5,0.00360054813341652,59300
701,3.505,0.0029364007562462696,59299
702,3.51,0.002158117908070244,59298
703,3.515,0.001389696675571585,59297
704,3.52,0.0006284717331728795,59296
705,3.525,-0.00010880299303562161,59295
706,3.53,-0.0008473721538109591,59294
707,3.535,-0.0015812304169426636,59293
708,3.54,-0.002329888139775478,59292
709,3.545,-0.0030290338697633494,59291
710,3.55,-0.003737007147586973,59290
711,3.555,-0.004500710022526447,59289
712,3.56,-0.005186860730344136,59288
713,3.565,-0.005883686891008552,59287
714,3.57,-0.006576929907545839,59286
715,3.575,-0.007293970913847723,59285
716,3.58,-0.008004290229117172,59284
717,3.585,-0.008713948364657022,59283
718,3.59,-0.00940799171228105,59282
719,3.595,-0.010150386731781506,59281
720,3.6,-0.01089151688521477,59280
721,3.605,-0.01157196818600327,59279
722,3.61,-0.012287971707194858,59278
723,3.615,-0.012983217962941055,59277
724,3.62,-0.013670762181434941,59276
725,3.625,-0.01437165121149852,59275
726,3.63,-0.015078264542785746,59274
727,3.635,-0.015776434311641968,59273
728,3.64,-0.016464371286779328,59272
729,3.645,-0.017182827921256607,59271
730,3.65,-0.017904413218574267,59270
731,3.655,-0.018604460875290524,59269
732,3.66,-0.019318069455653446,59268
733,3.665,-0.0200263529558215,59267
734,3.67,-0.020725252321127423,59266
735,3.675,-0.021445764528672258,59265
736,3.68,-0.0221505126405912,59264
737,3.685,-0.022872644875626673,59263
738,3.69,-0.023599869228131155,59262
739,3.695,-0.02436351740188104,59261
740,3.7,-0.02513224315453636,59260
741,3.705,-0.025897575540509466,59259
742,3.71,-0.026749030402094073,59258
743,3.715,-0.027598179219071577,59257
744,3.72,-0.028451014580778106,59256
745,3.725,-0.029290222225211857,59255
746,3.73,-0.03004109657804568,59254
747,3.735,-0.030798881044666417,59253
748,3.74,-0.03155533068355288,59252
749,3.745,-0.03217599278526904,59251
750,3.75,-0.03279047262301451,59250
751,3.755,-0.03347293712513374,59249
752,3.76,-0.034170833608844306,59248
753,3.765,-0.034877539963924606,59247
754,3.77,-0.03557504302078524,59246
755,3.775,-0.03632311347514466,59245
756,3.78,-0.037001150262239345,59244
757,3.785,-0.03767951423984457,59243
758,3.79,-0.038353250700872345,59242
759,3.795,-0.03909374361251197,59241
760,3.8,-0.03983701836386229,59240
761,3.805,-0.04058138500384309,59239
762,3.81,-0.04122780261880134,59238
763,3.815,-0.04187535096837376,59237
764,3.82,-0.04254360765068728,59236
765,3.825,-0.043209907529834855,59235
766,3.83,-0.043870367214338374,59234
767,3.835,-0.04460822363981373,59233
768,3.84,-0.04534560844586824,59232
769,3.845,-0.04601061565463951,59231
770,3.85,-0.04665373756863372,59230
771,3.855,-0.0472826039673617,59229
772,3.86,-0.047901238259067495,59228
773,3.865,-0.04852546423976636,59227
774,3.87,-0.049140287865669915,59226
775,3.875,-0.049765681981597254,59225
776,3.88,-0.0504647621489518,59224
777,3.885,-0.05106393805123096,59223
778,3.89,-0.051659930989498996,59222
779,3.895,-0.05227877091435239,59221
780,3.9,-0.052910926217941565,59220
781,3.905,-0.05355093359892778,59219
782,3.91,-0.05425742887436832,59218
783,3.915,-0.05496222766520921,59217
784,3.92,-0.05567077912152053,59216
785,3.925,-0.05638562411564753,59215
786,3.93,-0.05702540507703947,59214
787,3.935,-0.05770378593933724,59213
788,3.94,-0.05838482696264233,59212
789,3.945,-0.05907740820764714,59211
790,3.95,-0.059758636442961435,59210
791,3.955,-0.06046670903205435,59209
792,3.96,-0.061079231413017084,59208
793,3.965,-0.06167620414270601,59207
794,3.97,-0.06228135368348294,59206
795,3.975,-0.06285231709458468,59205
796,3.98,-0.06341577238835798,59204
797,3.985,-0.06403064750292951,59203
798,3.99,-0.06466158347251809,59202
799,3.995,-0.06537466334307111,59201
800,4.0,-0.06608581265171738,59200
801,4.005,-0.06681422683804118,59199
802,4.01,-0.06755844291363344,59198
803,4.015,-0.06832200991685076,59197
804,4.02,-0.06907250425252254,59196
805,4.025,-0.06980726504041718,59195
806,4.03,-0.07053216869785871,59194
807,4.035,-0.07128174783643587,59193
808,4.04,-0.07203171083928445,59192
809,4.045,-0.07282335133249919,59191
810,4.05,-0.07360444803171065,59190
811,4.055,-0.07428274077670445,59189
812,4.06,-0.07498402304103897,59188
813,4.065,-0.07567290644586591,59187
814,4.07,-0.07634875541984358,59186
815,4.075,-0.07704492358401123,59185
816,4.08,-0.07775962197449197,59184
817,4.085,-0.07844280790135061,59183
818,4.09,-0.07913616229689559,59182
819,4.095,-0.07980556541501442,59181
820,4.1,-0.08057237550957824,59180
821,4.105,-0.08137067137196263,59179
822,4.11,-0.08213589324690991,59178
823,4.115,-0.08290613165630636,59177
824,4.12,-0.08368303553469486,59176
825,4.125,-0.08447674531638232,59175
826,4.13,-0.08527583796018004,59174
827,4.135,-0.08608311521297259,59173
828,4.14,-0.08687502083967055,59172
829,4.145,-0.08768454547630428,59171
830,4.15,-0.08849799958527371,59170
831,4.155,-0.0893206651282804,59169
832,4.16,-0.09015825892067073,59168
833,4.165,-0.0910912595767709,59167
834,4.17,-0.09202456932324156,59166
835,4.175,-0.09291596726226853,59165
836,4.18,-0.09389243327352173,59164
837,4.185,-0.09486302474529298,59163
838,4.19,-0.09583719243658691,59162
839,4.195,-0.09680511716947103,59161
840,4.2,-0.09777427958452344,59160
841,4.205,-0.09868298585087913,59159
842,4.21,-0.0996023310217461,59158
843,4.215,-0.10043088180947214,59157
844,4.22,-0.10128273688365398,59156
845,4.225,-0.10224585060023467,59155
846,4.23,-0.10313507381894746,59154
847,4.235,-0.10402082937226553,59153
848,4.24,-0.10489988695953875,59152
849,4.245,-0.10580095323079088,59151
850,4.25,-0.10670161922076722,59150
851,4.255,-0.1076008816731598,59149
852,4.26,-0.10848934771644042,59148
853,4.265,-0.10938285496366805,59147
854,4.27,-0.11027301048217518,59146
855,4.275,-0.11115751027137964,59145
856,4.28,-0.11203507807371524,59144
857,4.285,-0.11292034216372283,59143
858,4.29,-0.11381045649050374,59142
859,4.295,-0.11472936723671105,59141
860,4.3,-0.11564853640409924,59140
861,4.305,-0.11657102224289835,59139
862,4.31,-0.11749012152940652,59138
863,4.315,-0.11840795151940649,59137
864,4.32,-0.11931757075665862,59136
865,4.325,-0.12015647900128194,59135
866,4.33,-0.12104280354144364,59134
867,4.335,-0.12184484511450983,59133
868,4.34,-0.122635568112213,59132
869,4.345,-0.12342820192297167,59131
870,4.35,-0.12412945945177407,59130
871,4.355,-0.12482653240958447,59129
872,4.36,-0.12551638721626499,59128
873,4.365,-0.1262107833519382,59127
874,4.37,-0.12692594628678078,59126
875,4.375,-0.1276499929264513,59125
876,4.38,-0.12837734937185935,59124
877,4.385,-0.12919730225666548,59123
878,4.39,-0.13002321105234926,59122
879,4.395,-0.13084453803254192,59121
880,4.4,-0.1316697811678686,59120
881,4.405,-0.1325094526073599,59119
882,4.41,-0.13334871634703202,59118
883,4.415,-0.13418394961126479,59117
884,4.42,-0.13502892376679876,59116
885,4.425,-0.1358826459490797,59115
886,4.43,-0.13674497976577327,59114
887,4.435,-0.13769639504041856,59113
888,4.44,-0.13864801011755848,59112
889,4.445,-0.13965494438405932,59111
890,4.45,-0.14065413650441763,59110
891,4.455,-0.14165044147606246,59109
892,4.46,-0.14263340446113776,59108
893,4.465,-0.14362834208839675,59107
894,4.47,-0.14460670384960564,59106
895,4.475,-0.1455843432622936,59105
896,4.48,-0.14653486670489285,59104
897,4.485,-0.14746181891109367,59103
898,4.49,-0.14839752579419166,59102
899,4.495,-0.14925001301685514,59101
900,4.5,-0.15019457569521705,59100
901,4.505,-0.1511610309186709,59099
902,4.51,-0.15211119374314874,59098
903,4.515,-0.15305636625184765,59097
904,4.52,-0.15398795168526516,59096
905,4.525,-0.15493596119634323,59095
906,4.53,-0.15586068308045956,59094
907,4.535,-0.15671933064477958,59093
908,4.54,-0.1575925699785266,59092
909,4.545,-0.15845015649325922,59091
910,4.55,-0.15930620274989685,59090
911,4.555,-0.16013017160817336,59089
912,4.56,-0.16097026860911712,59088
913,4.565,-0.16180561064686147,59087
914,4.57,-0.16264602650210352,59086
915,4.575,-0.1634477139013759,59085
916,4.58,-0.16426940037366888,59084
917,4.585,-0.16518347437630257,59083
918,4.59,-0.1660897963734377,59082
919,4.595,-0.16699674321932273,59081
920,4.6,-0.16790712166661614,59080
921,4.605,-0.16882494181384544,59079
922,4.61,-0.16972735722381915,59078
923,4.615,-0.17063853127404496,59077
924,4.62,-0.17155318632177805,59076
925,4.625,-0.17245899345363672,59075
926,4.63,-0.17335659252591382,59074
927,4.635,-0.17424072564690715,59073
928,4.64,-0.17512864680530246,59072
929,4.645,-0.17596370962859517,59071
930,4.65,-0.1768009087183949,59070
931,4.655,-0.1776153182640957,59069
932,4.66,-0.17843528911105971,59068
933,4.665,-0.17926161442520702,59067
934,4.67,-0.180077679868912,59066
935,4.675,-0.18090107438658726,59065
936,4.68,-0.18175533955094003,59064
937,4.685,-0.18259494496472647,59063
938,4.69,-0.1834268861099876,59062
939,4.695,-0.1842543671111316,59061
940,4.7,-0.18499679729098698,59060
941,4.705,-0.1858047509834921,59059
942,4.71,-0.18660846605389825,59058
943,4.715,-0.18740339854217528,59057
944,4.72,-0.18821111583375463,59056
945,4.725,-0.18901733507085164,59055
946,4.73,-0.18980307918296757,59054
947,4.735,-0.19050675426581118,59053
948,4.74,-0.19121287880915488,59052
949,4.745,-0.1918014433213865,59051
950,4.75,-0.19237844730428044,59050
951,4.755,-0.1929108505058842,59049
952,4.76,-0.1934300317826198,59048
953,4.765,-0.19394918574976502,59047
954,4.77,-0.19445263819427183,59046
955,4.775,-0.19491629022967977,59045
956,4.78,-0.19539970689897462,59044
957,4.785,-0.19591938864346334,59043
958,4.79,-0.19642679616778333,59042
959,4.795,-0.19703915060229066,59041
960,4.8,-0.19765879919122004,59040
961,4.805,-0.1983612210628934,59039
962,4.81,-0.19898352219064425,59038
963,4.815,-0.19960675013486806,59037
964,4.82,-0.20023863670640346,59036
965,4.825,-0.2008602580335197,59035
966,4.83,-0.20144706797466266,59034
967,4.835,-0.20204082006016688,59033
968,4.84,-0.20263678129236964,59032
969,4.845,-0.20326832013492058,59031
970,4.85,-0.20389164214201352,59030
971,4.855,-0.20444553293743634,59029
972,4.86,-0.20489659766584425,59028
973,4.865,-0.20534947120686764,59027
974,4.87,-0.20581062251345378,59026
975,4.875,-0.20640706998211678,59025
976,4.88,-0.20702462835327587,59024
977,4.885,-0.20762983817978206,59023
978,4.89,-0.20823631297467007,59022
979,4.895,-0.20881988266457815,59021
980,4.9,-0.20940356562678936,59020
981,4.905,-0.2099809017042224,59019
982,4.91,-0.2106331919893597,59018
983,4.915,-0.2112725006953406,59017
984,4.92,-0.21190988705190045,59016
985,4.925,-0.2124564880981518,59015
986,4.93,-0.2130122317867678,59014
987,4.935,-0.21355834231418339,59013
988,4.94,-0.21411146007672816,59012
989,4.945,-0.2145804542521184,59011
990,4.95,-0.21505007606964027,59010
991,4.955,-0.2155278278999433,59009
992,4.96,-0.2160087233945581,59008
993,4.965,-0.21649019744657227,59007
994,4.97,-0.2169737215124615,59006
995,4.975,-0.21746641819024268,59005
996,4.98,-0.2179651540897616,59004
997,4.985,-0.21845439084667134,59003
998,4.99,-0.21895344711323095,59002
999,4.995,-0.2194475237399685,59001
1000,5.0,-0.2199220698304471,59000
1001,5.005,-0.22037721545075936,58999
1002,5.01,-0.22087175631807113,58998
1003,5.015,-0.22135883195992137,58997
1004,5.02,-0.22183423402539187,58996
1005,5.025,-0.22237543546512475,58995
1006,5.03,-0.2229109264927695,58994
1007,5.035,-0.22344674578136764,58993
1008,5.04,-0.223978667963612,58992
1009,5.045,-0.22445048508662102,58991
1010,5.05,-0.2249321114942274,58990
1011,5.055,-0.22540850240222846,58989
1012,5.06,-0.2259123361851142,58988
1013,5.065,-0.22642303146772733,58987
1014,5.07,-0.22693931689666616,58986
1015,5.075,-0.22753335397181412,58985
1016,5.08,-0.22810881613948578,58984
1017,5.085,-0.22865790458791635,58983
1018,5.09,-0.22921009454372113,58982
1019,5.095,-0.22972563343692864,58981
1020,5.1,-0.23025735053358026,58980
1021,5.105,-0.2307985652076719,58979
1022,5.11,-0.23134745756256317,58978
1023,5.115,-0.23190619084525438,58977
1024,5.12,-0.23245242971642618,58976
1025,5.125,-0.23295281920328645,58975
1026,5.13,-0.2334801624874264,58974
1027,5.135,-0.234003389285821,58973
1028,5.14,-0.23451468931501288,58972
1029,5.145,-0.23499565134123426,58971
1030,5.15,-0.23546305103129106,58970
1031,5.155,-0.23593008319314834,58969
1032,5.16,-0.23646588892089873,58968
1033,5.165,-0.23699612330359773,58967
1034,5.17,-0.23753075981521568,58966
1035,5.175,-0.23795822109135117,58965
1036,5.18,-0.2383677293759461,58964
1037,5.185,-0.2387719268056585,58963
1038,5.19,-0.239172086766788,58962
1039,5.195,-0.2396224560455472,58961
1040,5.2,-0.24009115862214775,58960
1041,5.205,-0.2405920199658936,58959
1042,5.21,-0.24106196889970946,58958
1043,5.215,-0.2415397085960964,58957
1044,5.22,-0.24201868852915995,58956
1045,5.225,-0.24259437233474127,58955
1046,5.23,-0.2431766366756515,58954
1047,5.235,-0.24378669894824476,58953
1048,5.24,-0.2443811590919031,58952
1049,5.245,-0.24502755584946195,58951
1050,5.25,-0.24567552639351217,58950
1051,5.255,-0.24631748896325983,58949
1052,5.26,-0.24695222506593442,58948
1053,5.265,-0.24759319632781912,58947
1054,5.27,-0.2482382260431945,58946
1055,5.275,-0.2488902697857014,58945
1056,5.28,-0.24954405648549033,58944
1057,5.285,-0.2501613156436588,58943
1058,5.29,-0.25080372157131986,58942
1059,5.295,-0.25138083851702464,58941
1060,5.3,-0.25195782532719024,58940
1061,5.305,-0.2525490144555601,58939
1062,5.31,-0.25300568730592476,58938
1063,5.315,-0.25344737497437564,58937
1064,5.32,-0.2538860357113371,58936
1065,5.325,-0.25419552963070635,58935
1066,5.33,-0.2545206372618557,58934
1067,5.335,-0.2548253031357078,58933
1068,5.34,-0.25513698418517283,58932
1069,5.345,-0.25545295252370714,58931
1070,5.35,-0.2557742822183269,58930
1071,5.355,-0.2560917112341294,58929
1072,5.36,-0.25648802759631406,58928
1073,5.365,-0.25688248623626714,58927
1074,5.37,-0.2572715117586756,58926
1075,5.375,-0.2577064846169013,58925
1076,5.38,-0.2580907947393038,58924
1077,5.385,-0.25847326968933,58923
1078,5.39,-0.25885127078101744,58922
1079,5.395,-0.2592550858491709,58921
1080,5.4,-0.2596591923366798,58920
1081,5.405,-0.2600914099116754,58919
1082,5.41,-0.2605069847279083,58918
1083,5.415,-0.26092806126713747,58917
1084,5.42,-0.2613436928369655,58916
1085,5.425,-0.2618160324996106,58915
1086,5.43,-0.26226922257081453,58914
1087,5.435,-0.26272932624023954,58913
1088,5.44,-0.2631865120977379,58912
1089,5.445,-0.26368333717108644,58911
1090,5.45,-0.26418365384674114,58910
1091,5.455,-0.2646974783015511,58909
1092,5.46,-0.26518465517085843,58908
1093,5.465,-0.2656575519888722,58907
1094,5.47,-0.2661305451518111,58906
1095,5.475,-0.2664779854051803,58905
1096,5.48,-0.2668406807149866,58904
1097,5.485,-0.2672082822405191,58903
1098,5.49,-0.2675747006516726,58902
1099,5.495,-0.26790339197862073,58901
1100,5.5,-0.26822601426272774,58900
1101,5.505,-0.26857101789320115,58899
1102,5.51,-0.2690213049353904,58898
1103,5.515,-0.2694760698032976,58897
1104,5.52,-0.2699375646577764,58896
1105,5.525,-0.27026498250422204,58895
1106,5.53,-0.27060143678330056,58894
1107,5.535,-0.2709531924054805,58893
1108,5.54,-0.27130036604714136,58892
1109,5.545,-0.2717285676498327,58891
1110,5.55,-0.2721538231300755,58890
1111,5.555,-0.2725530335864518,58889
1112,5.56,-0.2728943378660637,58888
1113,5.565,-0.2733305409979033,58887
1114,5.57,-0.27374800430883595,58886
1115,5.575,-0.27421429566229427,58885
1116,5.58,-0.27470703473429925,58884
1117,5.585,-0.275186319301992,58883
1118,5.59,-0.27565164924438273,58882
1119,5.595,-0.2760195117072275,58881
1120,5.6,-0.27639181222687154,58880
1121,5.605,-0.2767604211221557,58879
1122,5.61,-0.2770981673613305,58878
1123,5.615,-0.27734085558026755,58877
1124,5.62,-0.277594562357888,58876
1125,5.625,-0.27788580770172405,58875
1126,5.63,-0.27815721609625516,58874
1127,5.635,-0.27842049999028207,58873
1128,5.64,-0.27868618115660615,58872
1129,5.645,-0.2788751555583308,58871
1130,5.65,-0.2790697900859025,58870
1131,5.655,-0.27918536863928295,58869
1132,5.66,-0.2792827288338192,58868
1133,5.665,-0.27937547018393255,58867
1134,5.67,-0.27946657497534233,58866
1135,5.675,-0.2795857212821198,58865
1136,5.68,-0.2797281882113047,58864
1137,5.685,-0.2799104395021894,58863
1138,5.69,-0.2801011031579571,58862
1139,5.695,-0.280357148159137,58861
1140,5.7,-0.2806148361454466,58860
1141,5.705,-0.28087217067507747,58859
1142,5.71,-0.2811366634309633,58858
1143,5.715,-0.2814125843927153,58857
1144,5.72,-0.2816817987155835,58856
1145,5.725,-0.2819226061657993,58855
1146,5.73,-0.28213520954481663,58854
1147,5.735,-0.2823549171326041,58853
1148,5.74,-0.28256103683028977,58852
1149,5.745,-0.282747466927898,58851
1150,5.75,-0.28294183201369694,58850
1151,5.755,-0.2831480342253516,58849
1152,5.76,-0.28337952182943127,58848
1153,5.765,-0.2836123796387069,58847
1154,5.77,-0.2839365509627514,58846
1155,5.775,-0.28427542884300827,58845
1156,5.78,-0.28465315259214974,58844
1157,5.785,-0.2850588449832864,58843
1158,5.79,-0.2854893409633088,58842
1159,5.795,-0.2859369215394639,58841
1160,5.8,-0.2863921106887899,58840
1161,5.805,-0.2868499661957818,58839
1162,5.81,-0.28730941656392,58838
1163,5.815,-0.2877681431322696,58837
1164,5.82,-0.2881378714502939,58836
1165,5.825,-0.28849291213663053,58835
1166,5.83,-0.2888318901056126,58834
1167,5.835,-0.2891466763259746,58833
1168,5.84,-0.2894388667858288,58832
1169,5.845,-0.28973642039948844,58831
1170,5.85,-0.29004567039826173,58830
1171,5.855,-0.2903420746020802,58829
1172,5.86,-0.2906423547344856,58828
1173,5.865,-0.29094217223209773,58827
1174,5.87,-0.2912442955154508,58826
1175,5.875,-0.29157060220519576,58825
1176,5.88,-0.291780475498191,58824
1177,5.885,-0.2919746931310806,58823
1178,5.89,-0.2921773367819282,58822
1179,5.895,-0.2924745971085206,58821
1180,5.9,-0.2928032357668186,58820
1181,5.905,-0.2931288710928991,58819
1182,5.91,-0.2934498434100554,58818
1183,5.915,-0.29377689537863283,58817
1184,5.92,-0.2941027179599472,58816
1185,5.925,-0.29440439188119527,58815
1186,5.93,-0.294704487593969,58814
1187,5.935,-0.29498755824849676,58813
1188,5.94,-0.29526456405046647,58812
1189,5.945,-0.2956438687627792,58811
1190,5.95,-0.29603601144990066,58810
1191,5.955,-0.2964376764852872,58809
1192,5.96,-0.29684396356260007,58808
1193,5.965,-0.29723976133498176,58807
1194,5.97,-0.2976437684979127,58806
1195,5.975,-0.2980055899977413,58805
1196,5.98,-0.2983511644316991,58804
1197,5.985,-0.29860514523117604,58803
1198,5.99,-0.2988527129771423,58802
1199,5.995,-0.2991078294020067,58801
1200,6.0,-0.29936426164922325,58800
1201,6.005,-0.29970847461691674,58799
1202,6.01,-0.30004933562025216,58798
1203,6.015,-0.30039005083008863,58797
1204,6.02,-0.3007269551423108,58796
1205,6.025,-0.30113224111962095,58795
1206,6.03,-0.3015477360141426,58794
1207,6.035,-0.3019462776241714,58793
1208,6.04,-0.30234201472452865,58792
1209,6.045,-0.302654551258292,58791
1210,6.05,-0.302967250804196,58790
1211,6.055,-0.3031736427325902,58789
1212,6.06,-0.30341076169048187,58788
1213,6.065,-0.3036493384256689,58787
1214,6.07,-0.30387055466459995,58786
1215,6.075,-0.30412480326764363,58785
1216,6.08,-0.3043702190618041,58784
1217,6.085,-0.30464145520636976,58783
1218,6.09,-0.30491178778674827,58782
1219,6.095,-0.3051822859624186,58781
1220,6.1,-0.30545276789977055,58780
1221,6.105,-0.30571164257565525,58779
1222,6.11,-0.30593651588045284,58778
1223,6.115,-0.30616221671998495,58777
1224,6.12,-0.306367589203601,58776
1225,6.125,-0.30645004238959694,58775
1226,6.13,-0.3065555780017934,58774
1227,6.135,-0.3067153683273481,58773
1228,6.14,-0.3068893485020321,58772
1229,6.145,-0.30706489042897317,58771
1230,6.15,-0.30724063826736553,58770
1231,6.155,-0.30741268870852984,58769
1232,6.16,-0.30756545968140075,58768
1233,6.165,-0.30772440964430003,58767
1234,6.17,-0.30789744888749754,58766
1235,6.175,-0.30808243695408416,58765
1236,6.18,-0.30827560107052737,58764
1237,6.185,-0.30850921406140575,58763
1238,6.19,-0.3087521169454784,58762
1239,6.195,-0.3088612830375131,58761
1240,6.2,-0.3089701260890591,58760
1241,6.205,-0.3090910599698195,58759
1242,6.21,-0.3091672184024643,58758
1243,6.215,-0.3092445054147612,58757
1244,6.22,-0.3093418448155704,58756
1245,6.225,-0.3094569607298987,58755
1246,6.23,-0.30965540219216364,58754
1247,6.235,-0.3098262045171175,58753
1248,6.24,-0.3099914209006774,58752
1249,6.245,-0.3101718468010265,58751
1250,6.25,-0.310351915067471,58750
1251,6.255,-0.3104742788543934,58749
1252,6.26,-0.31058947593925035,58748
1253,6.265,-0.3107090459187825,58747
1254,6.27,-0.3108229325541606,58746
1255,6.275,-0.3110514345232165,58745
1256,6.28,-0.31130638421898615,58744
1257,6.285,-0.3115317922114051,58743
1258,6.29,-0.31175730089287873,58742
1259,6.295,-0.31195504525362916,58741
1260,6.3,-0.3121528570771935,58740
1261,6.305,-0.31236956436935664,58739
1262,6.31,-0.3126150214666233,58738
1263,6.315,-0.31285682201286685,58737
1264,6.32,-0.3131077291305741,58736
1265,6.325,-0.3132680546595348,58735
1266,6.33,-0.31339748906460346,58734
1267,6.335,-0.31351844107627963,58733
1268,6.34,-0.3136344514292011,58732
1269,6.345,-0.3137614971496566,58731
1270,6.35,-0.3138883882687593,58730
1271,6.355,-0.31399516874451827,58729
1272,6.36,-0.3140602554388406,58728
1273,6.365,-0.31411691510181866,58727
1274,6.37,-0.3141681984227856,58726
1275,6.375,-0.3141728545915753,58725
1276,6.38,-0.3141885063056028,58724
1277,6.385,-0.31420070090113333,58723
1278,6.39,-0.31420261284854845,58722
1279,6.395,-0.31420534949480255,58721
1280,6.4,-0.3142064704019601,58720
1281,6.405,-0.31421774305861444,58719
1282,6.41,-0.3142759439973448,58718
1283,6.415,-0.31434093035219696,58717
1284,6.42,-0.3144051513916305,58716
1285,6.425,-0.314472728342245,58715
1286,6.43,-0.31446774006051065,58714
1287,6.435,-0.3144577385747844,58713
1288,6.44,-0.31445205688712546,58712
1289,6.445,-0.3144906944699301,58711
1290,6.45,-0.3145308094342247,58710
1291,6.455,-0.31454702512604094,58709
1292,6.46,-0.31452332947657813,58708
1293,6.465,-0.3144862246774473,58707
1294,6.47,-0.3144544762747599,58706
1295,6.475,-0.3145431420612505,58705
1296,6.48,-0.314653167212959,58704
1297,6.485,-0.314702181392727,58703
1298,6.49,-0.31474997193896737,58702
1299,6.495,-0.31484207652855306,58701
1300,6.5,-0.3149346607392431,58700
1301,6.505,-0.31511965213130827,58699
1302,6.51,-0.3153456594417596,58698
1303,6.515,-0.3155759572105808,58697
1304,6.52,-0.31580757175097796,58696
1305,6.525,-0.3161188025593702,58695
1306,6.53,-0.31640501703152024,58694
1307,6.535,-0.31667906514976,58693
1308,6.54,-0.3169582677762823,58692
1309,6.545,-0.31724398280804367,58691
1310,6.55,-0.31753019343861416,58690
1311,6.555,-0.31771221447918224,58689
1312,6.56,-0.31788178066929473,58688
1313,6.565,-0.3180503148636935,58687
1314,6.57,-0.31822957048573075,58686
1315,6.575,-0.3184386854370878,58685
1316,6.58,-0.31862252800121965,58684
1317,6.585,-0.31877809633158316,58683
1318,6.59,-0.3189305197767996,58682
1319,6.595,-0.3191090107952214,58681
1320,6.6,-0.319286302652525,58680
1321,6.605,-0.3194713689203104,58679
1322,6.61,-0.3196400908701157,58678
1323,6.615,-0.31979535003038617,58677
1324,6.62,-0.31994001435594926,58676
1325,6.625,-0.32002869644953347,58675
1326,6.63,-0.32013237779754444,58674
1327,6.635,-0.32024324393002035,58673
1328,6.64,-0.32035972813106567,58672
1329,6.645,-0.32048109605765646,58671
1330,6.65,-0.3206030509807479,58670
1331,6.655,-0.3207442417415327,58669
1332,6.66,-0.32090532032246105,58668
1333,6.665,-0.3210819783843406,58667
1334,6.67,-0.32125518222187505,58666
1335,6.675,-0.32144945162240485,58665
1336,6.68,-0.3217105539336507,58664
1337,6.685,-0.3219352301708896,58663
1338,6.69,-0.3221514554506339,58662
1339,6.695,-0.32226135416952617,58661
1340,6.7,-0.32237005968478627,58660
1341,6.705,-0.3224635797433701,58659
1342,6.71,-0.3225317870020268,58658
1343,6.715,-0.3225937060760947,58657
1344,6.72,-0.322635215421991,58656
1345,6.725,-0.32255682001724906,58655
1346,6.73,-0.32249577144106156,58654
1347,6.735,-0.3224065076232063,58653
1348,6.74,-0.322322843070024,58652
1349,6.745,-0.3222508858484712,58651
1350,6.75,-0.3221792994420152,58650
1351,6.755,-0.32212959719474027,58649
1352,6.76,-0.32210378112968596,58648
1353,6.765,-0.3220725338936756,58647
1354,6.77,-0.3219782529280361,58646
1355,6.775,-0.32193831311827337,58645
1356,6.78,-0.32189736703614313,58644
1357,6.785,-0.32184106650617683,58643
1358,6.79,-0.3217785588832822,58642
1359,6.795,-0.3217855460190125,58641
1360,6.8,-0.32179300756224855,58640
1361,6.805,-0.3218623572374335,58639
1362,6.81,-0.3219255353306349,58638
1363,6.815,-0.32199943095957184,58637
1364,6.82,-0.3221325402706698,58636
1365,6.825,-0.3222650256193698,58635
1366,6.83,-0.3223676319676607,58634
1367,6.835,-0.32247872547012985,58633
1368,6.84,-0.3225915045693374,58632
1369,6.845,-0.3226511578269505,58631
1370,6.85,-0.3227104043935919,58630
1371,6.855,-0.3226990798973037,58629
1372,6.86,-0.3226908694371856,58628
1373,6.865,-0.32268832889385274,58627
1374,6.87,-0.32272240093632837,58626
1375,6.875,-0.3226519738100922,58625
1376,6.88,-0.32259539427028894,58624
1377,6.885,-0.3225466898032403,58623
1378,6.89,-0.32249794681760946,58622
1379,6.895,-0.3224671053426396,58621
1380,6.9,-0.3224375644258421,58620
1381,6.905,-0.3224008625900588,58619
1382,6.91,-0.3223685868367709,58618
1383,6.915,-0.32232741240344664,58617
1384,6.92,-0.32229853517412416,58616
1385,6.925,-0.3222645954526103,58615
1386,6.93,-0.3222301903035429,58614
1387,6.935,-0.322177581953346,58613
1388,6.94,-0.322128836293781,58612
1389,6.945,-0.3219863267431716,58611
1390,6.95,-0.3218418273683916,58610
1391,6.955,-0.32169760299472083,58609
1392,6.96,-0.3215292967207925,58608
1393,6.965,-0.321357930762008,58607
1394,6.97,-0.3211864749137271,58606
1395,6.975,-0.3209532285522797,58605
1396,6.98,-0.32074663913314594,58604
1397,6.985,-0.3205787379965762,58603
1398,6.99,-0.3204087035273153,58602
1399,6.995,-0.32029714042351154,58601
1400,7.0,-0.3200923263374877,58600
1401,7.005,-0.31987289951898373,58599
1402,7.01,-0.319680700852429,58598
1403,7.015,-0.3194966413319476,58597
1404,7.02,-0.31923187064612524,58596
1405,7.025,-0.31898991498462964,58595
1406,7.03,-0.31870650706264403,58594
1407,7.035,-0.31841594170969223,58593
1408,7.04,-0.318119494490321,58592
1409,7.045,-0.31782413813497196,58591
1410,7.05,-0.31753875814386706,58590
1411,7.055,-0.3172500820846651,58589
1412,7.06,-0.31687219562275376,58588
1413,7.065,-0.31649609408741475,58587
1414,7.07,-0.31613053881827613,58586
1415,7.075,-0.3157628099701608,58585
1416,7.08,-0.3154199748892716,58584
1417,7.085,-0.3150691554448656,58583
1418,7.09,-0.3147239849745711,58582
1419,7.095,-0.31435514219570754,58581
1420,7.1,-0.31398163665482764,58580
1421,7.105,-0.3137077909644932,58579
1422,7.11,-0.31347182539140106,58578
1423,7.115,-0.3132205695311886,58577
1424,7.12,-0.31307320321566284,58576
1425,7.125,-0.3129402985382329,58575
1426,7.13,-0.3127839866613232,58574
1427,7.135,-0.3126314461387012,58573
1428,7.14,-0.3124772385484219,58572
1429,7.145,-0.31233011375339503,58571
1430,7.15,-0.31217153957313815,58570
1431,7.155,-0.31200354377861206,58569
1432,7.16,-0.31180787089672335,58568
1433,7.165,-0.31159162277546,58567
1434,7.17,-0.31139982701865443,58566
1435,7.175,-0.31123073540061746,58565
1436,7.18,-0.311084432797073,58564
1437,7.185,-0.31095641443981503,58563
1438,7.19,-0.31081478016300434,58562
1439,7.195,-0.3106636333690708,58561
1440,7.2,-0.3105130921026295,58560
1441,7.205,-0.3104006071860396,58559
1442,7.21,-0.3103516809118922,58558
1443,7.215,-0.31031544668105504,58557
1444,7.22,-0.310275857359635,58556
1445,7.225,-0.31024933706529734,58555
1446,7.23,-0.3102300967129702,58554
1447,7.235,-0.31018998985051643,58553
1448,7.24,-0.3101634549252286,58552
1449,7.245,-0.3100258916583178,58551
1450,7.25,-0.30989829053823936,58550
1451,7.255,-0.3096945990763502,58549
1452,7.26,-0.3095038586745484,58548
1453,7.265,-0.30930402002620727,58547
1454,7.27,-0.30910229226552577,58546
1455,7.275,-0.30886974585578714,58545
1456,7.28,-0.30862493813036007,58544
1457,7.285,-0.3083788286322032,58543
1458,7.29,-0.30813488029006003,58542
1459,7.295,-0.30798675625889105,58541
1460,7.3,-0.30783966439726923,58540
1461,7.305,-0.30771297169149336,58539
1462,7.31,-0.3075022866830569,58538
1463,7.315,-0.30730594129405714,58537
1464,7.32,-0.307112802835315,58536
1465,7.325,-0.3069526478356017,58535
1466,7.33,-0.30681690183052046,58534
1467,7.335,-0.3066669297805653,58533
1468,7.34,-0.3065314644025817,58532
1469,7.345,-0.3063880288256351,58531
1470,7.35,-0.30622675638263774,58530
1471,7.355,-0.3060524029326931,58529
1472,7.36,-0.3060051627133072,58528
1473,7.365,-0.3059450666593036,58527
1474,7.37,-0.3058783287358937,58526
1475,7.375,-0.3057861641332901,58525
1476,7.38,-0.3056984428142453,58524
1477,7.385,-0.30562257082560007,58523
1478,7.39,-0.3055289417042644,58522
1479,7.395,-0.30543495742546967,58521
1480,7.4,-0.3053504427737952,58520
1481,7.405,-0.305274011096502,58519
1482,7.41,-0.3050994985359579,58518
1483,7.415,-0.30493464131616077,58517
1484,7.42,-0.3047669651185871,58516
1485,7.425,-0.30472236288253834,58515
1486,7.43,-0.3046878874709738,58514
1487,7.435,-0.30463935440448103,58513
1488,7.44,-0.304597406100758,58512
1489,7.445,-0.3045623764618126,58511
1490,7.45,-0.30453214625013814,58510
1491,7.455,-0.30448137557847493,58509
1492,7.46,-0.3044031680327247,58508
1493,7.465,-0.304321606497985,58507
1494,7.47,-0.3042405288745074,58506
1495,7.475,-0.3041153810126274,58505
1496,7.48,-0.3039740826103479,58504
1497,7.485,-0.3038542652649014,58503
1498,7.49,-0.30373565604756975,58502
1499,7.495,-0.3035754304518331,58501
1500,7.5,-0.3034102388522338,58500
1501,7.505,-0.3032607611657551,58499
1502,7.51,-0.303129394457552,58498
1503,7.515,-0.3029884521560083,58497
1504,7.52,-0.3028411206054864,58496
1505,7.525,-0.3027576882533232,58495
1506,7.53,-0.30268280142257176,58494
1507,7.535,-0.30271719939582986,58493
1508,7.54,-0.30274289854534436,58492
1509,7.545,-0.3028029252461592,58491
1510,7.55,-0.30287074258071617,58490
1511,7.555,-0.3029881091561459,58489
1512,7.56,-0.3030707967548146,58488
1513,7.565,-0.3031552338548379,58487
1514,7.57,-0.30324504295433224,58486
1515,7.575,-0.3033107243377323,58485
1516,7.58,-0.3033657601712955,58484
1517,7.585,-0.3034078559172328,58483
1518,7.59,-0.3034476631957747,58482
1519,7.595,-0.3034857090777745,58481
1520,7.6,-0.30350550277906263,58480
1521,7.605,-0.3035170446480199,58479
1522,7.61,-0.3035676147277992,58478
1523,7.615,-0.30361379766027113,58477
1524,7.62,-0.30359167972370144,58476
1525,7.625,-0.3034908343144076,58475
1526,7.63,-0.3033883669260957,58474
1527,7.635,-0.30339248762924165,58473
1528,7.64,-0.3033964775448236,58472
1529,7.645,-0.3033825025685907,58471
1530,7.65,-0.3033588021608243,58470
1531,7.655,-0.3033365600161831,58469
1532,7.66,-0.30340259676443276,58468
1533,7.665,-0.3034900625344146,58467
1534,7.67,-0.30357706812793084,58466
1535,7.675,-0.3037431858672004,58465
1536,7.68,-0.3038980411349706,58464
1537,7.685,-0.3039407295111089,58463
1538,7.69,-0.3039811869213519,58462
1539,7.695,-0.3039936990202522,58461
1540,7.7,-0.3040038079010808,58460
1541,7.705,-0.3040137711891553,58459
1542,7.71,-0.30403848763144375,58458
1543,7.715,-0.3040606694968322,58457
1544,7.72,-0.3041552425618842,58456
1545,7.725,-0.30414162672902956,58455
1546,7.73,-0.304045688550321,58454
1547,7.735,-0.3040334966118214,58453
1548,7.74,-0.30402213463031125,58452
1549,7.745,-0.3040210236627792,58451
1550,7.75,-0.30404172854797024,58450
1551,7.755,-0.3040637308060814,58449
1552,7.76,-0.3039924717687807,58448
1553,7.765,-0.3039058706493832,58447
1554,7.77,-0.30383355914092175,58446
1555,7.775,-0.3037658084065458,58445
1556,7.78,-0.3037379458018536,58444
1557,7.785,-0.30363990269763125,58443
1558,7.79,-0.3035418999188869,58442
1559,7.795,-0.30343968746256617,58441
1560,7.8,-0.30333510122947,58440
1561,7.805,-0.3032119973325644,58439
1562,7.81,-0.3030920847146254,58438
1563,7.815,-0.30298474892439325,58437
1564,7.82,-0.30287923046658954,58436
1565,7.825,-0.30278564810090447,58435
1566,7.83,-0.30270939036721856,58434
1567,7.835,-0.3027312579172409,58433
1568,7.84,-0.30275336663112556,58432
1569,7.845,-0.30271550830833155,58431
1570,7.85,-0.3026849168409325,58430
1571,7.855,-0.3026520217244566,58429
1572,7.86,-0.30263590503768695,58428
1573,7.865,-0.3026087602325415,58427
1574,7.87,-0.3025681431501229,58426
1575,7.875,-0.30253821485363813,58425
1576,7.88,-0.3024991107531615,58424
1577,7.885,-0.30227867752797966,58423
1578,7.89,-0.3020634631973971,58422
1579,7.895,-0.30195324279642005,58421
1580,7.9,-0.30183453279751093,58420
1581,7.905,-0.30170835549078434,58419
1582,7.91,-0.3015681288332321,58418
1583,7.915,-0.3014491559670185,58417
1584,7.92,-0.3013404414976768,58416
1585,7.925,-0.3012867141352684,58415
1586,7.93,-0.30121932342147595,58414
1587,7.935,-0.30124874297868715,58413
1588,7.94,-0.30129169600929606,58412
1589,7.945,-0.3013414215355663,58411
1590,7.95,-0.30137780947036485,58410
1591,7.955,-0.3014109601751189,58409
1592,7.96,-0.30147959285420944,58408
1593,7.965,-0.3015464334981129,58407
1594,7.97,-0.30161247227722865,58406
1595,7.975,-0.3016100847396139,58405
1596,7.98,-0.30168462729040996,58404
1597,7.985,-0.3017602583178599,58403
1598,7.99,-0.30184000529011606,58402
1599,7.995,-0.3018289872855844,58401
1600,8.0,-0.3018242848439973,58400
1601,8.005,-0.30181909235335863,58399
1602,8.01,-0.3020014811419215,58398
1603,8.015,-0.302172107988888,58397
1604,8.02,-0.3022437862713244,58396
1605,8.025,-0.30236974299297903,58395
1606,8.03,-0.30245214277626287,58394
1607,8.035,-0.30243921969909,58393
1608,8.04,-0.30241912052081676,58392
1609,8.045,-0.3024445380775173,58391
1610,8.05,-0.3024623036958475,58390
1611,8.055,-0.3024875768101157,58389
1612,8.06,-0.30241010722586265,58388
1613,8.065,-0.3023288142736239,58387
1614,8.07,-0.3021724408952205,58386
1615,8.075,-0.301853227579688,58385
1616,8.08,-0.30155499955140824,58384
1617,8.085,-0.30141539337273654,58383
1618,8.09,-0.301283727352405,58382
1619,8.095,-0.30117283000659895,58381
1620,8.1,-0.30106772077928523,58380
1621,8.105,-0.30092953609344414,58379
1622,8.11,-0.30075864336502683,58378
1623,8.115,-0.3005800937721292,58377
1624,8.12,-0.3004818315103621,58376
1625,8.125,-0.30052354870217945,58375
1626,8.13,-0.30046283538054847,58374
1627,8.135,-0.30031153762396523,58373
1628,8.14,-0.3001406573633462,58372
1629,8.145,-0.2999096076863419,58371
1630,8.15,-0.2996747181159085,58370
1631,8.155,-0.2994380557698346,58369
1632,8.16,-0.29912530869557935,58368
1633,8.165,-0.29881659101138003,58367
1634,8.17,-0.2984273952970163,58366
1635,8.175,-0.29798456936916773,58365
1636,8.18,-0.29752920453934084,58364
1637,8.185,-0.2971283851013837,58363
1638,8.19,-0.29672148101333773,58362
1639,8.195,-0.29622143166448855,58361
1640,8.2,-0.2957368477982965,58360
1641,8.205,-0.29523595718365914,58359
1642,8.21,-0.2948191107146386,58358
1643,8.215,-0.29439216799264195,58357
1644,8.22,-0.2939716901335395,58356
1645,8.225,-0.29344014169398874,58355
1646,8.23,-0.29291567751377345,58354
1647,8.235,-0.2924076522524689,58353
1648,8.24,-0.29192317501473897,58352
1649,8.245,-0.29138568831042483,58351
1650,8.25,-0.2908406440069701,58350
1651,8.255,-0.2903175059041309,58349
1652,8.26,-0.2897856002059265,58348
1653,8.265,-0.2892672987869742,58347
1654,8.27,-0.288831369549179,58346
1655,8.275,-0.2884965636140188,58345
1656,8.28,-0.28815240770346,58344
1657,8.285,-0.2878166510480289,58343
1658,8.29,-0.28747443080998675,58342
1659,8.295,-0.2872104327123605,58341
1660,8.3,-0.28694797874372024,58340
1661,8.305,-0.28660733951498435,58339
1662,8.31,-0.2862872978319109,58338
1663,8.315,-0.28596149073583077,58337
1664,8.32,-0.2856370955391428,58336
1665,8.325,-0.2853949841197396,58335
1666,8.33,-0.2851659051074379,58334
1667,8.335,-0.2849706963919261,58333
1668,8.34,-0.28477437035468667,58332
1669,8.345,-0.28457238595422646,58331
1670,8.35,-0.2843603895842303,58330
1671,8.355,-0.28417198740744143,58329
1672,8.36,-0.28399901634928787,58328
1673,8.365,-0.28384950100809797,58327
1674,8.37,-0.2836232578134299,58326
1675,8.375,-0.28339323620982293,58325
1676,8.38,-0.2831616513375015,58324
1677,8.385,-0.2829303505608954,58323
1678,8.39,-0.28270059701848405,58322
1679,8.395,-0.2824797988282228,58321
1680,8.4,-0.28224912975474464,58320
1681,8.405,-0.2820445778976365,58319
1682,8.41,-0.28183613579235656,58318
1683,8.415,-0.28162290246813854,58317
1684,8.42,-0.28140914315185667,58316
1685,8.425,-0.2812270832435463,58315
1686,8.43,-0.28104791352403374,58314
1687,8.435,-0.28086038282930914,58313
1688,8.44,-0.2806611083083568,58312
1689,8.445,-0.2804039748638371,58311
1690,8.45,-0.2801520219222665,58310
1691,8.455,-0.27985487367948325,58309
1692,8.46,-0.2795667879568418,58308
1693,8.465,-0.2792734958289118,58307
1694,8.47,-0.27898752519621245,58306
1695,8.475,-0.27853934885632187,58305
1696,8.48,-0.27799587752675,58304
1697,8.485,-0.2774163677101244,58303
1698,8.49,-0.2768315318058948,58302
1699,8.495,-0.2762992978114791,58301
1700,8.5,-0.2757604585845537,58300
1701,8.505,-0.27521706756561143,58299
1702,8.51,-0.27470014682373345,58298
1703,8.515,-0.2741911138986107,58297
1704,8.52,-0.27375338071785815,58296
1705,8.525,-0.27338795872054883,58295
1706,8.53,-0.27302530882904225,58294
1707,8.535,-0.2726559023085907,58293
1708,8.54,-0.27229182216884,58292
1709,8.545,-0.2719205858433748,58291
1710,8.55,-0.27156073340084075,58290
1711,8.555,-0.27118767544782607,58289
1712,8.56,-0.27084833823608745,58288
1713,8.565,-0.27050408786746066,58287
1714,8.57,-0.27015247644285934,58286
1715,8.575,-0.269707120437347,58285
1716,8.58,-0.2692764907285599,58284
1717,8.585,-0.26883470269862814,58283
1718,8.59,-0.26839495665477137,58282
1719,8.595,-0.2679774329207914,58281
1720,8.6,-0.2675548199013535,58280
1721,8.605,-0.26713572384086953,58279
1722,8.61,-0.2666778677212319,58278
1723,8.615,-0.2662149167382385,58277
1724,8.62,-0.26574286175761974,58276
1725,8.625,-0.2652461499693094,58275
1726,8.63,-0.2648103304070828,58274
1727,8.635,-0.2643692204199929,58273
1728,8.64,-0.26391420321722825,58272
1729,8.645,-0.2634734763539901,58271
1730,8.65,-0.26305509995424137,58270
1731,8.655,-0.26265356804581086,58269
1732,8.66,-0.2622424562473945,58268
1733,8.665,-0.2618225173119874,58267
1734,8.67,-0.2613964136520991,58266
1735,8.675,-0.2609361410533057,58265
1736,8.68,-0.2604919238195179,58264
1737,8.685,-0.2600716157826344,58263
1738,8.69,-0.259655864529018,58262
1739,8.695,-0.25924896614001025,58261
1740,8.7,-0.2588280854020922,58260
1741,8.705,-0.25849293139855967,58259
1742,8.71,-0.25817720453349435,58258
1743,8.715,-0.25788547237502457,58257
1744,8.72,-0.25759355510361626,58256
1745,8.725,-0.257510988243402,58255
1746,8.73,-0.2574039771880311,58254
1747,8.735,-0.25729043978313726,58253
1748,8.74,-0.2571696685175815,58252
1749,8.745,-0.2570380119960464,58251
1750,8.75,-0.2568938138469008,58250
1751,8.755,-0.2567498936713222,58249
1752,8.76,-0.25663319074254526,58248
1753,8.765,-0.25650372645216973,58247
1754,8.77,-0.25638262816315577,58246
1755,8.775,-0.2561773751446782,58245
1756,8.78,-0.2559644453800088,58244
1757,8.785,-0.25568555429459344,58243
1758,8.79,-0.2554019142881698,58242
1759,8.795,-0.25511768561489423,58241
1760,8.8,-0.2548487271218383,58240
1761,8.805,-0.2544926790680046,58239
1762,8.81,-0.254194694620944,58238
1763,8.815,-0.25391038437600943,58237
1764,8.82,-0.25361342908844603,58236
1765,8.825,-0.25325591785042184,58235
1766,8.83,-0.2529309315234221,58234
1767,8.835,-0.25268886213115743,58233
1768,8.84,-0.25243947882362355,58232
1769,8.845,-0.2522094570360602,58231
1770,8.85,-0.25197224392690154,58230
1771,8.855,-0.2517216102690259,58229
1772,8.86,-0.2514232311108142,58228
1773,8.865,-0.2511330805337051,58227
1774,8.87,-0.2508539655227643,58226
1775,8.875,-0.25051176454334,58225
1776,8.88,-0.25018732793428744,58224
1777,8.885,-0.24986621980868431,58223
1778,8.89,-0.2495463809536403,58222
1779,8.895,-0.2492364198071425,58221
1780,8.9,-0.24894616179111267,58220
1781,8.905,-0.24866185241643193,58219
1782,8.91,-0.24844725473833712,58218
1783,8.915,-0.24822386024938242,58217
1784,8.92,-0.2479267725940958,58216
1785,8.925,-0.247623015853854,58215
1786,8.93,-0.2473046756304874,58214
1787,8.935,-0.2469937694578051,58213
1788,8.94,-0.2466777284672812,58212
1789,8.945,-0.2462187507371051,58211
1790,8.95,-0.24575537776758954,58210
1791,8.955,-0.24540506293129496,58209
1792,8.96,-0.24493816834540696,58208
1793,8.965,-0.24446406351252553,58207
1794,8.97,-0.24398975254930066,58206
1795,8.975,-0.2435612646395929,58205
1796,8.98,-0.24312077035076793,58204
1797,8.985,-0.24266849695191067,58203
1798,8.99,-0.24224636559789187,58202
1799,8.995,-0.24192179742878303,58201
1800,9.0,-0.241602212146098,58200
1801,9.005,-0.24121149295633562,58199
1802,9.01,-0.24085248863860928,58198
1803,9.015,-0.24049045116475115,58197
1804,9.02,-0.24018985909579058,58196
1805,9.025,-0.23997355512170196,58195
1806,9.03,-0.23976480208375708,58194
1807,9.035,-0.23955714449177598,58193
1808,9.04,-0.23934757300203205,58192
1809,9.045,-0.23909319892549719,58191
1810,9.05,-0.23882933218559876,58190
1811,9.055,-0.23854510343322652,58189
1812,9.06,-0.23826007561970922,58188
1813,9.065,-0.23798597100311006,58187
1814,9.07,-0.23771823176596735,58186
1815,9.075,-0.23751677146736394,58185
1816,9.08,-0.2372359271204663,58184
1817,9.085,-0.23694434484006754,58183
1818,9.09,-0.23665942448561839,58182
1819,9.095,-0.23637117060677276,58181
1820,9.1,-0.23608062907897098,58180
1821,9.105,-0.23581280618412434,58179
1822,9.11,-0.23551205075861145,58178
1823,9.115,-0.23522130478278372,58177
1824,9.12,-0.23494976982525387,58176
1825,9.125,-0.23471193001006582,58175
1826,9.13,-0.23446169583485396,58174
1827,9.135,-0.2341864492292558,58173
1828,9.14,-0.23390904039064522,58172
1829,9.145,-0.23361468224303783,58171
1830,9.15,-0.23331754416117212,58170
1831,9.155,-0.23300854054871403,58169
1832,9.16,-0.23271922248319032,58168
1833,9.165,-0.23241040653452236,58167
1834,9.17,-0.23211121947121025,58166
1835,9.175,-0.23165759549834355,58165
1836,9.18,-0.23127951348114276,58164
1837,9.185,-0.2309008444687801,58163
1838,9.19,-0.23052767635647842,58162
1839,9.195,-0.23022807412693705,58161
1840,9.2,-0.22991763224855982,58160
1841,9.205,-0.22970046626852106,58159
1842,9.21,-0.22947144501239494,58158
1843,9.215,-0.22925065143812415,58157
1844,9.22,-0.22902375895936278,58156
1845,9.225,-0.2288600328625137,58155
1846,9.23,-0.2287086950307627,58154
1847,9.235,-0.2285300776175299,58153
1848,9.24,-0.2283441514487629,58152
1849,9.245,-0.22817319223984736,58151
1850,9.25,-0.2280173585228174,58150
1851,9.255,-0.22773855274255164,58149
1852,9.26,-0.2274702878986363,58148
1853,9.265,-0.2271894168841194,58147
1854,9.27,-0.2269825937620494,58146
1855,9.275,-0.22671073374246828,58145
1856,9.28,-0.2264860164130505,58144
1857,9.285,-0.2262966952109881,58143
1858,9.29,-0.226095123290278,58142
1859,9.295,-0.2258754583653067,58141
1860,9.3,-0.22565074469992744,58140
1861,9.305,-0.2254161804190962,58139
1862,9.31,-0.22516469647650156,58138
1863,9.315,-0.22492468117245515,58137
1864,9.32,-0.22452610203612927,58136
1865,9.325,-0.2240597405297516,58135
1866,9.33,-0.22357783326078887,58134
1867,9.335,-0.22309500063663906,58133
1868,9.34,-0.2226047733880164,58132
1869,9.345,-0.22220916949157532,58131
1870,9.35,-0.22183427858623214,58130
1871,9.355,-0.22147500588256158,58129
1872,9.36,-0.22121031693147689,58128
1873,9.365,-0.22094806998040303,58127
1874,9.37,-0.2206379608925481,58126
1875,9.375,-0.22031125978309893,58125
1876,9.38,-0.21996723452568565,58124
1877,9.385,-0.21960706761372062,58123
1878,9.39,-0.21925117653074408,58122
1879,9.395,-0.2188797480581446,58121
1880,9.4,-0.21849823760774809,58120
1881,9.405,-0.2181233835178424,58119
1882,9.41,-0.2176191953186282,58118
1883,9.415,-0.21711158908979314,58117
1884,9.42,-0.21660872736877446,58116
1885,9.425,-0.21612528601407913,58115
1886,9.43,-0.21564325977576276,58114
1887,9.435,-0.21515956907725942,58113
1888,9.44,-0.21467018998925202,58112
1889,9.445,-0.21417228420900147,58111
1890,9.45,-0.21365759668161316,58110
1891,9.455,-0.2131792737354486,58109
1892,9.46,-0.21282150629927937,58108
1893,9.465,-0.21246717924053832,58107
1894,9.47,-0.21210975831311646,58106
1895,9.475,-0.21163237650677658,58105
1896,9.48,-0.2111378251467887,58104
1897,9.485,-0.21053704425632275,58103
1898,9.49,-0.20993353927552852,58102
1899,9.495,-0.2093071684723784,58101
1900,9.5,-0.20869604235886122,58100
1901,9.505,-0.2080840602013633,58099
1902,9.51,-0.20747407312972185,58098
1903,9.515,-0.20685160572681638,58097
1904,9.52,-0.20624673793254897,58096
1905,9.525,-0.20573822651692042,58095
1906,9.53,-0.20515938705342768,58094
1907,9.535,-0.20457038128747887,58093
1908,9.54,-0.2039863508856802,58092
1909,9.545,-0.20332807398832708,58091
1910,9.55,-0.20266885397669768,58090
1911,9.555,-0.20194611523724962,58089
1912,9.56,-0.20111723604784235,58088
1913,9.565,-0.20028713555389915,58087
1914,9.57,-0.19944721287007064,58086
1915,9.575,-0.19865060107341279,58085
1916,9.58,-0.19783986785286456,58084
1917,9.585,-0.1970423396638309,58083
1918,9.59,-0.19625408537842992,58082
1919,9.595,-0.19545332343352181,58081
1920,9.6,-0.19466299597681588,58080
1921,9.605,-0.1938960355696737,58079
1922,9.61,-0.1930953788999715,58078
1923,9.615,-0.19227647127957592,58077
1924,9.62,-0.19153825369694674,58076
1925,9.625,-0.19079160193084987,58075
1926,9.63,-0.19005330658254818,58074
1927,9.635,-0.18941452331113998,58073
1928,9.64,-0.1886912072547251,58072
1929,9.645,-0.18798477220122622,58071
1930,9.65,-0.1872549313398715,58070
1931,9.655,-0.18652273170269837,58069
1932,9.66,-0.18582424320882207,58068
1933,9.665,-0.18513451720334687,58067
1934,9.67,-0.18443339451045046,58066
1935,9.675,-0.18381252650342897,58065
1936,9.68,-0.18319358394733176,58064
1937,9.685,-0.1825906243344717,58063
1938,9.69,-0.181986583124347,58062
1939,9.695,-0.18139591388767437,58061
1940,9.7,-0.18079642141782498,58060
1941,9.705,-0.18016299020415596,58059
1942,9.71,-0.17956727955242166,58058
1943,9.715,-0.17896535986738263,58057
1944,9.72,-0.17828245082061503,58056
1945,9.725,-0.17748916130264153,58055
1946,9.73,-0.17679452680753,58054
1947,9.735,-0.17611461127296613,58053
1948,9.74,-0.17543481374941444,58052
1949,9.745,-0.1747827350755865,58051
1950,9.75,-0.17414342114718365,58050
1951,9.755,-0.17351990552200852,58049
1952,9.76,-0.1728894840971691,58048
1953,9.765,-0.17226959858339072,58047
1954,9.77,-0.17171286355424376,58046
1955,9.775,-0.1710854757486335,58045
1956,9.78,-0.17044527612703714,58044
1957,9.785,-0.16978123339632853,58043
1958,9.79,-0.1691175370192935,58042
1959,9.795,-0.16838192068880736,58041
1960,9.8,-0.16763990626206396,58040
1961,9.805,-0.16685915982183,58039
1962,9.81,-0.1660776954885732,58038
1963,9.815,-0.1652915109740237,58037
1964,9.82,-0.16444550488052562,58036
1965,9.825,-0.1635664842862506,58035
1966,9.83,-0.16261288907076282,58034
1967,9.835,-0.16174741129386588,58033
1968,9.84,-0.16096376047684405,58032
1969,9.845,-0.16027411815205211,58031
1970,9.85,-0.15960213171504858,58030
1971,9.855,-0.15895072731550022,58029
1972,9.86,-0.15825943922365232,58028
1973,9.865,-0.15758994853138233,58027
1974,9.87,-0.15693548836952168,58026
1975,9.875,-0.15639798426620546,58025
1976,9.88,-0.15587042411360816,58024
1977,9.885,-0.15526154389258306,58023
1978,9.89,-0.1546646825065174,58022
1979,9.895,-0.15409496342676932,58021
1980,9.9,-0.1535160165752569,58020
1981,9.905,-0.15294070156791892,58019
1982,9.91,-0.15241250352708255,58018
1983,9.915,-0.15187727838230766,58017
1984,9.92,-0.151335659888403,58016
1985,9.925,-0.15084499261944176,58015
1986,9.93,-0.15043880914237007,58014
1987,9.935,-0.15005316923529116,58013
1988,9.94,-0.14966468786033543,58012
1989,9.945,-0.14924608595482616,58011
1990,9.95,-0.1488122671243894,58010
1991,9.955,-0.14839049341037666,58009
1992,9.96,-0.14792327005227654,58008
1993,9.965,-0.14746558280144284,58007
1994,9.97,-0.14709018620987122,58006
1995,9.975,-0.14663271524626914,58005
1996,9.98,-0.14617355514736494,58004
1997,9.985,-0.14568775356306987,58003
1998,9.99,-0.14521426502493998,58002
1999,9.995,-0.14478691096470805,58001
2000,10.0,-0.14437367609842727,58000
